,18770
,17990,28466,0,16727,17750,28006,8308,16,0,1,1,16000,0,32000,0,2,16,24932,24948,28430,0,-29,-36,1,11,-3,-28,-26,-5,13,14,14
,18,22,13,2,-1,2,-2,-13,-14,2,20,18,0,-10,-2,8,1,-14,-15,1,11,-3,-27,-33,-18,-4,-7,-15,-9,5,7,-5
,-7,13,34,26,-4,-22,-8,16,20,2,-13,-11,-5,-10,-15,-3,22,33,19,1,5,23,25,3,-17,-14,1,-1,-19,-27,-10,13
,15,0,-6,4,10,-4,-22,-20,-3,2,-16,-30,-16,12,16,-10,-33,-24,3,13,-1,-11,1,16,7,-16,-17,10,31,16,-15,-20
,4,20,2,-23,-18,11,21,-3,-26,-12,25,39,16,-11,-10,7,8,-4,4,42,72,58,16,-7,2,8,-19,-56,-57,-18,22,38
,45,63,70,35,-29,-63,-35,18,33,3,-26,-19,6,17,18,27,29,-18,-109,-173,-143,-43,37,49,27,22,30,12,-27,-38,-11,-8
,-80,-174,-182,-75,52,93,56,29,48,59,15,-43,-47,-12,-9,-50,-59,0,46,-11,-110,-86,96,254,207,19,-79,-7,52,-60,-205,-122
,154,259,-4,-306,-189,230,305,-129,-6,2178,6513,10838,12205,9430,4120,-905,-4055,-5730,-6896,-7491,-6634,-4218,-1720,-1031,-2555,-4760,-5709,-4870,-3286,-2129,-1388,-116
,2207,4815,6237,5629,3473,1014,-848,-2069,-2999,-3597,-3261,-1460,1528,4596,6605,7201,6854,6136,5084,3353,933,-1475,-2945,-3167,-2668,-2143,-1677,-783,785,2433,3104,2275
,468,-1291,-2440,-3200,-3982,-4656,-4588,-3396,-1523,51,649,369,-256,-931,-1809,-3068,-4425,-5202,-4881,-3539,-1709,115,1793,3378,4771,5610,5525,4475,2819,1084,-335,-1266
,-1636,-1307,-98,1976,4475,6584,7523,7035,5512,3634,1844,179,-1410,-2673,-3112,-2459,-1056,350,1201,1487,1481,1219,355,-1392,-3730,-5829,-6924,-6869,-6095,-5071,-3891,-2411
,-701,743,1305,758,-563,-2071,-3366,-4354,-4973,-4940,-3867,-1681,1128,3745,5560,6463,6637,6164,4930,2972,808,-717,-1012,-162,1249,2713,4132,5573,6798,7198,6272,4160
,1629,-508,-1939,-2840,-3396,-3447,-2664,-1053,801,2061,2226,1408,73,-1444,-3117,-4964,-6695,-7732,-7626,-6455,-4762,-3108,-1706,-512,391,627,-162,-1846,-3724,-4985,-5271,-4775
,-3814,-2404,-336,2335,4990,6742,7087,6254,4910,3570,2324,1113,148,-71,815,2612,4646,6250,7150,7390,6983,5752,3583,781,-1926,-3818,-4627,-4560,-3930,-2845,-1306,438
,1763,2011,994,-854,-2848,-4554,-5923,-6972,-7465,-7006,-5481,-3351,-1412,-240,137,31,-371,-1171,-2457,-3905,-4807,-4577,-3222,-1294,630,2370,4048,5632,6692,6694,5529,3710
,2007,890,354,226,545,1553,3304,5360,6952,7488,6907,5570,3849,1885,-279,-2397,-3962,-4514,-4002,-2835,-1568,-550,128,414,118,-964,-2759,-4809,-6511,-7490,-7730,-7381
,-6504,-5070,-3197,-1309,31,487,147,-629,-1523,-2397,-3152,-3539,-3198,-1928,90,2354,4339,5752,6535,6687,6152,4917,3204,1509,381,120,662,1734,3097,4607,6073,7126
,7328,6470,4748,2638,573,-1239,-2717,-3712,-3989,-3442,-2299,-1061,-213,26,-301,-1086,-2293,-3884,-5645,-7146,-7923,-7749,-6751,-5276,-3656,-2084,-705,246,464,-195,-1507,-2925
,-3894,-4145,-3710,-2700,-1137,950,3311,5431,6791,7183,6777,5888,4726,3387,2051,1085,881,1567,2885,4370,5639,6515,6915,6705,5723,3978,1798,-281,-1809,-2653,-2943,-2839
,-2372,-1552,-590,60,-43,-1002,-2515,-4132,-5573,-6775,-7668,-8004,-7481,-6069,-4162,-2367,-1106,-437,-218,-386,-1008,-2057,-3201,-3902,-3765,-2793,-1311,349,2059,3794,5390,6478
,6716,6097,4996,3904,3105,2616,2400,2556,3247,4443,5789,6778,7081,6697,5808,4546,2940,1086,-700,-1980,-2479,-2273,-1698,-1085,-587,-253,-201,-651,-1747,-3359,-5091,-6507
,-7374,-7694,-7543,-6931,-5847,-4422,-2995,-1964,-1539,-1643,-2041,-2545,-3078,-3545,-3715,-3287,-2115,-365,1571,3322,4708,5693,6231,6208,5572,4498,3381,2632,2448,2767,3413,4266
,5263,6267,6989,7091,6406,5059,3361,1605,-49,-1494,-2554,-3007,-2765,-2023,-1198,-687,-666,-1104,-1921,-3086,-4552,-6118,-7424,-8120,-8073,-7409,-6375,-5172,-3919,-2756,-1908,-1607
,-1913,-2618,-3349,-3783,-3781,-3338,-2457,-1109,661,2614,4364,5569,6112,6095,5690,5020,4181,3355,2818,2810,3364,4282,5269,6098,6646,6816,6481,5544,4060,2286,571,-815
,-1768,-2305,-2456,-2244,-1757,-1225,-964,-1214,-2000,-3153,-4450,-5726,-6858,-7680,-7976,-7597,-6605,-5283,-3978,-2927,-2211,-1838,-1826,-2173,-2756,-3298,-3478,-3104,-2191,-892,633,2266
,3877,5261,6173,6458,6163,5510,4763,4102,3620,3394,3521,4051,4877,5734,6320,6456,6132,5422,4383,3057,1555,108,-1018,-1670,-1889,-1847,-1715,-1590,-1546,-1702,-2209,-3133
,-4359,-5619,-6640,-7274,-7506,-7361,-6835,-5937,-4785,-3634,-2765,-2319,-2241,-2368,-2565,-2766,-2895,-2788,-2240,-1159,337,1972,3482,4728,5663,6236,6361,6010,5318,4564,4026,3839
,3979,4352,4883,5501,6072,6379,6215,5507,4363,2987,1566,223,-941,-1799,-2238,-2259,-2029,-1807,-1806,-2103,-2670,-3460,-4443,-5555,-6634,-7447,-7800,-7636,-7037,-6147,-5097,-4003
,-3005,-2268,-1910,-1924,-2164,-2419,-2511,-2334,-1835,-983,214,1662,3167,4497,5478,6048,6235,6103,5727,5213,4723,4436,4468,4806,5323,5856,6266,6446,6294,5717,4691,3313
,1794,370,-789,-1614,-2107,-2300,-2256,-2094,-1994,-2140,-2637,-3460,-4483,-5554,-6544,-7345,-7838,-7900,-7467,-6607,-5511,-4407,-3458,-2732,-2249,-2026,-2053,-2233,-2365,-2222,-1678,-757
,422,1741,3116,4448,5572,6301,6531,6320,5855,5338,4900,4604,4499,4645,5058,5636,6160,6398,6220,5636,4726,3564,2210,771,-563,-1582,-2177,-2399,-2410,-2365,-2356,-2447
,-2734,-3323,-4233,-5331,-6379,-7169,-7609,-7703,-7461,-6872,-5965,-4881,-3848,-3068,-2606,-2394,-2322,-2313,-2309,-2209,-1860,-1129,-11,1354,2758,4034,5093,5878,6314,6342,5995,5441
,4911,4581,4494,4602,4847,5199,5604,5931,5987,5624,4828,3718,2453,1158,-83,-1172,-1986,-2438,-2558,-2506,-2485,-2637,-3004,-3571,-4317,-5213,-6172,-7030,-7602,-7773,-7546,-7009
,-6261,-5385,-4467,-3630,-3007,-2671,-2577,-2588,-2551,-2362,-1968,-1338,-445,698,2002,3308,4441,5281,5790,5989,5925,5660,5288,4941,4753,4802,5069,5453,5821,6059,6080,5814
,5209,4266,3069,1775,555,-476,-1272,-1831,-2167,-2320,-2382,-2498,-2807,-3373,-4156,-5053,-5958,-6785,-7445,-7830,-7840,-7446,-6725,-5830,-4919,-4105,-3451,-2993,-2741,-2656,-2632,-2522
,-2194,-1586,-708,385,1618,2902,4117,5127,5817,6150,6175,5999,5737,5483,5311,5283,5432,5735,6097,6379,6452,6235,5702,4870,3786,2539,1264,111,-802,-1431,-1810,-2015
,-2139,-2280,-2540,-3007,-3715,-4617,-5599,-6522,-7264,-7734,-7865,-7628,-7050,-6232,-5320,-4460,-3750,-3237,-2923,-2773,-2707,-2602,-2326,-1782,-939,162,1428,2741,3974,5009,5760,6190
,6317,6211,5977,5730,5575,5575,5742,6034,6370,6649,6763,6618,6154,5367,4313,3092,1828,647,-347,-1087,-1567,-1841,-2007,-2176,-2445,-2880,-3513,-4332,-5270,-6212,-7022,-7582
,-7824,-7730,-7324,-6668,-5857,-5012,-4257,-3678,-3302,-3087,-2948,-2782,-2495,-2011,-1281,-299,882,2156,3391,4464,5293,5841,6108,6131,5980,5757,5576,5525,5636,5879,6181,6455
,6613,6568,6245,5607,4678,3547,2335,1159,108,-754,-1389,-1796,-2034,-2216,-2467,-2873,-3456,-4194,-5043,-5942,-6791,-7458,-7822,-7829,-7513,-6966,-6284,-5546,-4826,-4205,-3749,-3468
,-3297,-3118,-2822,-2346,-1669,-788,285,1505,2770,3938,4876,5514,5858,5967,5911,5762,5599,5512,5577,5807,6131,6428,6581,6524,6229,5681,4873,3831,2648,1465,413,-438
,-1086,-1566,-1916,-2185,-2451,-2815,-3360,-4100,-4968,-5852,-6643,-7262,-7651,-7763,-7570,-7100,-6441,-5717,-5037,-4462,-4008,-3672,-3434,-3247,-3022,-2649,-2048,-1202,-163,986,2161,3283
,4270,5038,5529,5745,5754,5656,5544,5479,5498,5619,5839,6112,6344,6417,6236,5766,5031,4087,3006,1870,783,-151,-864,-1357,-1695,-1969,-2253,-2598,-3047,-3641,-4393,-5256
,-6122,-6856,-7356,-7573,-7507,-7177,-6623,-5916,-5166,-4494,-3979,-3627,-3383,-3168,-2909,-2547,-2030,-1315,-389,704,1867,2986,3966,4752,5315,5643,5746,5681,5547,5454,5471,5608
,5827,6074,6289,6398,6314,5958,5304,4398,3339,2237,1182,242,-527,-1093,-1466,-1711,-1931,-2223,-2647,-3218,-3919,-4712,-5529,-6273,-6835,-7127,-7119,-6838,-6354,-5746,-5092,-4463
,-3924,-3517,-3238,-3032,-2814,-2503,-2043,-1407,-587,399,1495,2605,3616,4432,5008,5348,5489,5483,5395,5302,5282,5384,5602,5880,6132,6279,6256,6014,5521,4773,3815,2741
,1670,707,-88,-698,-1142,-1460,-1713,-1978,-2332,-2828,-3470,-4217,-4995,-5722,-6317,-6711,-6855,-6734,-6378,-5855,-5253,-4657,-4131,-3709,-3397,-3168,-2967,-2717,-2335,-1763,-986,-38
,1014,2086,3094,3961,4624,5051,5257,5300,5259,5209,5203,5274,5433,5665,5917,6108,6149,5977,5569,4941,4132,3197,2206,1245,395,-292,-811,-1197,-1508,-1806,-2149,-2587
,-3149,-3831,-4582,-5318,-5944,-6389,-6610,-6595,-6355,-5929,-5388,-4820,-4308,-3898,-3590,-3347,-3119,-2850,-2487,-1979,-1296,-443,532,1549,2522,3380,4076,4590,4918,5078,5110,5077
,5050,5085,5205,5393,5605,5780,5852,5757,5449,4912,4171,3288,2345,1421,579,-140,-715,-1153,-1492,-1793,-2125,-2544,-3075,-3713,-4422,-5143,-5800,-6314,-6618,-6679,-6501,-6127
,-5620,-5054,-4500,-4020,-3651,-3394,-3203,-3002,-2712,-2274,-1664,-885,33,1032,2033,2944,3691,4233,4572,4740,4787,4772,4757,4798,4923,5123,5353,5549,5646,5591,5343,4885
,4229,3420,2530,1638,811,96,-488,-946,-1310,-1629,-1962,-2362,-2859,-3454,-4117,-4799,-5441,-5977,-6343,-6493,-6412,-6127,-5698,-5196,-4688,-4224,-3835,-3529,-3284,-3053,-2771,-2377
,-1833,-1130,-288,648,1617,2545,3357,3993,4429,4679,4787,4809,4800,4807,4869,5005,5201,5407,5550,5561,5392,5022,4454,3712,2849,1940,1069,303,-328,-830,-1229,-1562
,-1875,-2218,-2639,-3164,-3779,-4439,-5079,-5636,-6055,-6291,-6315,-6125,-5758,-5280,-4770,-4291,-3878,-3539,-3259,-3007,-2735,-2384,-1899,-1251,-453,448,1389,2302,3124,3797,4283,4578
,4716,4759,4772,4807,4895,5043,5234,5431,5579,5618,5498,5189,4687,4016,3225,2374,1528,742,55,-514,-970,-1343,-1680,-2034,-2449,-2946,-3521,-4146,-4771,-5330,-5757,-6000
,-6039,-5888,-5584,-5177,-4720,-4266,-3859,-3525,-3261,-3037,-2802,-2501,-2090,-1539,-841,-14,896,1818,2674,3400,3957,4336,4551,4638,4651,4651,4688,4789,4951,5142,5314,5411
,5380,5180,4794,4232,3526,2727,1893,1087,362,-245,-728,-1111,-1440,-1767,-2138,-2584,-3116,-3717,-4343,-4932,-5420,-5755,-5907,-5867,-5648,-5285,-4832,-4354,-3908,-3535,-3244,-3015
,-2809,-2573,-2250,-1792,-1173,-403,473,1386,2265,3046,3680,4135,4405,4516,4529,4519,4546,4636,4785,4973,5168,5325,5384,5285,4991,4505,3863,3112,2302,1483,714,51
,-477,-880,-1206,-1515,-1857,-2263,-2748,-3311,-3926,-4540,-5081,-5485,-5710,-5748,-5613,-5339,-4967,-4546,-4124,-3743,-3425,-3168,-2948,-2724,-2445,-2061,-1538,-868,-75,790,1660,2470
,3166,3712,4091,4310,4405,4432,4454,4518,4641,4812,5004,5177,5283,5264,5071,4684,4118,3419,2641,1842,1076,392,-175,-621,-977,-1293,-1621,-1996,-2438,-2952,-3524,-4115
,-4668,-5119,-5418,-5541,-5487,-5279,-4956,-4570,-4171,-3803,-3491,-3242,-3040,-2849,-2621,-2305,-1859,-1265,-535,292,1159,2000,2750,3358,3797,4067,4196,4235,4244,4278,4371,4529
,4728,4926,5071,5109,4998,4714,4258,3657,2953,2201,1456,770,178,-308,-703,-1041,-1361,-1705,-2106,-2584,-3137,-3734,-4322,-4839,-5231,-5461,-5510,-5381,-5100,-4719,-4300,-3899
,-3555,-3281,-3072,-2900,-2721,-2475,-2108,-1590,-925,-148,687,1524,2307,2981,3501,3846,4031,4105,4130,4160,4231,4355,4528,4728,4914,5029,5016,4832,4463,3926,3262,2526
,1778,1075,464,-31,-418,-731,-1020,-1331,-1700,-2146,-2667,-3243,-3835,-4388,-4844,-5152,-5283,-5235,-5034,-4725,-4361,-3993,-3657,-3373,-3144,-2952,-2762,-2525,-2194,-1738,-1153,-459
,307,1096,1854,2525,3062,3445,3688,3829,3917,3991,4079,4198,4354,4539,4723,4857,4886,4771,4496,4069,3511,2855,2146,1444,805,264,-177,-541,-862,-1174,-1507,-1891
,-2345,-2868,-3427,-3973,-4451,-4820,-5049,-5119,-5026,-4791,-4458,-4086,-3726,-3411,-3155,-2955,-2787,-2611,-2372,-2024,-1540,-926,-210,565,1348,2086,2723,3216,3547,3735,3825,3872
,3924,4012,4150,4335,4540,4719,4814,4778,4586,4240,3755,3158,2486,1792,1133,554,74,-318,-650,-952,-1258,-1602,-2013,-2502,-3047,-3603,-4114,-4530,-4817,-4953,-4932,-4770
,-4503,-4180,-3851,-3549,-3292,-3080,-2899,-2718,-2496,-2188,-1762,-1210,-549,184,941,1671,2323,2857,3251,3508,3657,3742,3807,3887,4003,4161,4347,4530,4664,4700,4600,4346
,3944,3417,2799,2135,1478,876,362,-57,-402,-708,-1014,-1356,-1757,-2228,-2757,-3311,-3841,-4290,-4613,-4783,-4799,-4679,-4458,-4177,-3878,-3595,-3350,-3149,-2980,-2816,-2619,-2350
,-1980,-1492,-892,-207,521,1242,1906,2472,2916,3231,3431,3549,3627,3708,3822,3978,4164,4353,4509,4592,4564,4396,4078,3623,3064,2447,1821,1230,702,249,-133,-464
,-775,-1100,-1471,-1906,-2402,-2936,-3471,-3959,-4354,-4618,-4731,-4694,-4532,-4283,-3992,-3697,-3424,-3186,-2985,-2809,-2629,-2408,-2106,-1696,-1173,-552,131,830,1498,2094,2592,2977
,3251,3432,3552,3650,3758,3893,4052,4220,4372,4474,4485,4368,4109,3719,3232,2685,2108,1531,985,501,95,-246,-556,-877,-1235,-1642,-2095,-2585,-3092,-3580,-4001,-4311
,-4487,-4531,-4459,-4295,-4065,-3801,-3534,-3289,-3078,-2891,-2707,-2496,-2232,-1893,-1464,-942,-338,320,988,1621,2178,2631,2971,3205,3360,3472,3577,3699,3843,4002,4158,4287
,4355,4328,4177,3891,3482,2981,2424,1848,1286,769,322,-53,-378,-692,-1029,-1407,-1832,-2300,-2796,-3290,-3737,-4090,-4320,-4419,-4399,-4277,-4077,-3831,-3575,-3337,-3130,-2945
,-2766,-2574,-2344,-2048,-1660,-1170,-592,40,688,1314,1880,2352,2713,2969,3145,3274,3386,3504,3643,3806,3982,4141,4244,4256,4153,3928,3585,3141,2628,2082,1539,1026
,563,160,-188,-505,-822,-1164,-1544,-1963,-2413,-2876,-3323,-3715,-4013,-4195,-4256,-4205,-4063,-3857,-3624,-3399,-3200,-3027,-2865,-2697,-2500,-2246,-1904,-1456,-910,-299,337,961
,1538,2040,2443,2743,2956,3112,3243,3370,3506,3658,3825,3992,4128,4192,4151,3990,3715,3342,2890,2378,1835,1300,810,386,23,-303,-620,-947,-1298,-1686,-2120,-2591
,-3063,-3489,-3829,-4061,-4180,-4187,-4090,-3911,-3683,-3446,-3230,-3047,-2888,-2737,-2574,-2377,-2120,-1771,-1310,-744,-110,540,1163,1727,2210,2589,2854,3021,3133,3237,3362,3510
,3672,3839,3993,4103,4125,4029,3811,3490,3086,2616,2102,1577,1080,637,253,-86,-402,-717,-1054,-1429,-1849,-2303,-2766,-3203,-3575,-3846,-3997,-4031,-3970,-3838,-3657,-3449
,-3240,-3055,-2899,-2754,-2591,-2389,-2138,-1827,-1436,-953,-389,212,799,1336,1807,2206,2526,2764,2933,3064,3192,3334,3487,3638,3774,3885,3952,3945,3830,3591,3243,2822
,2367,1900,1432,980,566,204,-119,-434,-772,-1142,-1538,-1951,-2377,-2802,-3197,-3524,-3752,-3873,-3893,-3825,-3686,-3500,-3296,-3099,-2922,-2763,-2613,-2451,-2252,-1990,-1648,-1223
,-727,-178,395,956,1467,1900,2247,2513,2711,2857,2976,3100,3249,3421,3594,3742,3844,3877,3815,3636,3340,2953,2510,2040,1565,1106,686,315,-15,-326,-637,-960
,-1302,-1672,-2071,-2482,-2876,-3221,-3496,-3687,-3782,-3772,-3663,-3480,-3258,-3034,-2829,-2651,-2498,-2360,-2218,-2042,-1799,-1464,-1036,-536,3,549,1079,1569,1990,2317,2546,2705
,2835,2964,3099,3239,3384,3535,3671,3753,3742,3624,3407,3107,2736,2304,1836,1369,939,560,227,-80,-381,-692,-1021,-1373,-1750,-2150,-2560,-2945,-3263,-3484,-3607,-3648
,-3616,-3513,-3349,-3156,-2971,-2811,-2662,-2503,-2328,-2136,-1912,-1620,-1231,-751,-216,335,876,1388,1846,2224,2514,2728,2889,3018,3134,3258,3400,3554,3692,3782,3801,3731
,3559,3281,2913,2485,2027,1558,1096,667,294,-25,-323,-635,-972,-1326,-1694,-2086,-2502,-2914,-3272,-3538,-3701,-3768,-3746,-3642,-3472,-3268,-3059,-2864,-2689,-2537,-2399,-2248
,-2048,-1772,-1416,-990,-504,33,593,1132,1608,2002,2318,2562,2738,2860,2961,3078,3224,3385,3534,3650,3715,3707,3600,3383,3069,2681,2245,1785,1334,921,559,238
,-58,-340,-622,-927,-1276,-1671,-2085,-2487,-2856,-3180,-3436,-3592,-3631,-3573,-3457,-3310,-3139,-2948,-2755,-2584,-2437,-2289,-2105,-1863,-1554,-1171,-717,-210,316,829,1311,1743
,2099,2357,2524,2643,2758,2886,3021,3157,3300,3443,3552,3582,3514,3357,3125,2816,2426,1979,1523,1103,730,397,94,-180,-439,-712,-1025,-1385,-1776,-2176,-2559,-2894
,-3151,-3313,-3380,-3364,-3275,-3126,-2947,-2774,-2626,-2492,-2352,-2201,-2045,-1874,-1651,-1338,-932,-467,19,501,960,1369,1703,1963,2178,2372,2544,2683,2800,2922,3068,3222
,3351,3423,3421,3329,3138,2857,2516,2144,1749,1332,918,547,240,-37,-341,-702,-1102,-1504,-1895,-2282,-2667,-3030,-3348,-3605,-3786,-3869,-3846,-3741,-3602,-3461,-3316,-3153
,-2973,-2792,-2606,-2384,-2095,-1737,-1330,-883,-394,125,639,1110,1531,1910,2239,2490,2651,2760,2873,3016,3172,3317,3453,3586,3691,3716,3623,3422,3141,2797,2392,1947
,1507,1107,747,408,80,-236,-550,-888,-1255,-1625,-1975,-2320,-2693,-3080,-3402,-3575,-3586,-3499,-3379,-3244,-3081,-2896,-2716,-2556,-2400,-2233,-2063,-1897,-1700,-1414,-1017,-547
,-63,412,883,1328,1691,1930,2061,2139,2200,2249,2295,2373,2503,2653,2762,2803,2794,2751,2645,2437,2137,1799,1461,1106,710,297,-80,-409,-730,-1072,-1401,-1667
,-1880,-2106,-2378,-2650,-2865,-3032,-3202,-3361,-3408,-3255,-2934,-2569,-2249,-1985,-1777,-1680,-1742,-1894,-1960,-1803,-1434,-954,-424,168,825,1471,2001,2353,2514,2492,2347,2246
,2388,2805,3280,3547,3572,3543,3547,3383,2871,2376,2810,4851,8027,10673,10977,8259,3379,-1977,-6384,-9245,-10627,-10813,-10024,-8417,-6183,-3633,-1235,466,1092,721,-63,-497
,-155,788,1750,2191,1936,1172,231,-616,-1232,-1597,-1780,-1902,-2089,-2410,-2853,-3345,-3800,-4139,-4277,-4108,-3545,-2611,-1490,-445,374,1052,1804,2718,3620,4239,4527,4786
,5410,6491,7677,8417,8348,7487,6125,4630,3307,2333,1689,1140,368,-785,-2188,-3552,-4712,-5772,-6958,-8327,-9620,-10359,-10097,-8645,-6183,-3238,-515,1396,2307,2518,2622,3143
,4242,5666,6913,7502,7209,6174,4822,3630,2857,2414,1967,1203,62,-1224,-2291,-2881,-3010,-2973,-3173,-3859,-4930,-5946,-6343,-5742,-4153,-1973,208,1872,2797,3140,3325,3792
,4726,5938,6970,7365,6916,5754,4248,2789,1583,569,-509,-1903,-3668,-5587,-7285,-8435,-8932,-8920,-8682,-8464,-8347,-8216,-7836,-6985,-5575,-3699,-1584,511,2391,3978,5306,6483
,7610,8709,9684,10361,10585,10301,9575,8536,7298,5918,4398,2720,897,-995,-2813,-4389,-5608,-6460,-7031,-7433,-7720,-7855,-7741,-7281,-6435,-5254,-3870,-2461,-1168,-25,1064,2249
,3603,5022,6238,6951,6990,6396,5387,4240,3154,2178,1216,104,-1268,-2857,-4448,-5742,-6517,-6765,-6697,-6612,-6702,-6918,-6981,-6535,-5345,-3432,-1083,1270,3243,4676,5687,6580
,7639,8923,10204,11082,11213,10503,9144,7494,5878,4440,3105,1654,-130,-2315,-4750,-7098,-8984,-10166,-10645,-10632,-10407,-10148,-9840,-9302,-8312,-6758,-4732,-2515,-450,1228,2497,3530
,4565,5743,7011,8148,8871,8978,8439,7399,6103,4774,3529,2349,1127,-246,-1798,-3428,-4933,-6093,-6777,-7000,-6887,-6580,-6138,-5516,-4615,-3371,-1824,-124,1533,2995,4226,5298
,6311,7289,8136,8678,8756,8306,7380,6115,4673,3175,1656,61,-1692,-3625,-5639,-7538,-9114,-10234,-10887,-11166,-11209,-11114,-10862,-10307,-9245,-7547,-5275,-2685,-121,2146,4028,5621
,7102,8594,10061,11298,12032,12070,11408,10237,8836,7432,6105,4771,3260,1437,-679,-2881,-4852,-6333,-7255,-7761,-8084,-8387,-8658,-8718,-8320,-7287,-5618,-3523,-1344,590,2112,3273
,4267,5289,6403,7490,8305,8592,8220,7255,5927,4505,3153,1857,466,-1177,-3111,-5191,-7128,-8611,-9456,-9693,-9528,-9202,-8836,-8366,-7611,-6407,-4716,-2656,-445,1694,3626,5351
,6970,8575,10130,11450,12289,12482,12024,11047,9731,8223,6600,4867,2986,934,-1241,-3391,-5325,-6901,-8096,-8996,-9707,-10269,-10622,-10635,-10177,-9189,-7724,-5945,-4071,-2286,-672,807
,2248,3729,5238,6653,7783,8445,8553,8155,7411,6508,5567,4592,3488,2143,528,-1253,-2986,-4449,-5515,-6198,-6609,-6870,-7027,-7022,-6717,-5968,-4714,-3032,-1135,718,2333,3666
,4809,5905,7034,8151,9088,9629,9608,8987,7874,6475,4984,3496,1981,345,-1480,-3459,-5450,-7253,-8684,-9649,-10171,-10360,-10336,-10152,-9764,-9076,-8008,-6556,-4795,-2848,-848,1098
,2927,4623,6191,7615,8827,9712,10157,10110,9612,8778,7743,6607,5402,4105,2669,1070,-655,-2402,-4026,-5397,-6443,-7156,-7566,-7696,-7540,-7063,-6234,-5064,-3631,-2067,-520,904
,2168,3300,4346,5316,6158,6767,7035,6904,6392,5585,4593,3497,2321,1032,-413,-2016,-3698,-5311,-6686,-7705,-8342,-8652,-8713,-8566,-8188,-7512,-6483,-5097,-3421,-1575,297,2072
,3690,5163,6546,7873,9101,10103,10714,10814,10387,9522,8364,7046,5637,4132,2485,668,-1278,-3229,-5016,-6489,-7575,-8292,-8721,-8947,-9004,-8851,-8401,-7582,-6394,-4925,-3321,-1720
,-205,1206,2536,3799,4971,5976,6704,7051,6967,6485,5712,4781,3795,2785,1722,553,-744,-2125,-3480,-4670,-5580,-6161,-6435,-6460,-6279,-5894,-5265,-4350,-3144,-1707,-153,1391
,2828,4124,5289,6344,7273,8012,8467,8560,8269,7641,6765,5720,4534,3185,1644,-74,-1884,-3655,-5253,-6593,-7650,-8452,-9039,-9428,-9583,-9435,-8921,-8042,-6872,-5527,-4106,-2652
,-1155,405,2022,3651,5208,6587,7674,8375,8649,8526,8091,7447,6666,5772,4744,3552,2194,719,-770,-2149,-3323,-4259,-4990,-5573,-6033,-6331,-6375,-6070,-5373,-4333,-3079,-1771
,-527,614,1689,2752,3816,4820,5642,6157,6292,6058,5536,4836,4042,3183,2226,1116,-180,-1627,-3126,-4542,-5756,-6702,-7369,-7781,-7961,-7905,-7583,-6959,-6019,-4792,-3348,-1783
,-191,1364,2853,4273,5624,6883,7990,8856,9389,9539,9317,8791,8039,7111,6007,4699,3177,1483,-283,-1996,-3546,-4870,-5954,-6811,-7454,-7874,-8036,-7898,-7445,-6705,-5750,-4663
,-3500,-2279,-989,371,1766,3113,4304,5234,5832,6079,6006,5678,5163,4505,3716,2786,1714,530,-699,-1888,-2960,-3873,-4619,-5205,-5630,-5866,-5862,-5561,-4927,-3972,-2767,-1428
,-74,1214,2414,3552,4662,5735,6704,7461,7901,7973,7700,7163,6458,5649,4735,3662,2364,825,-888,-2637,-4264,-5648,-6741,-7556,-8138,-8517,-8687,-8600,-8200,-7462,-6426,-5188
,-3860,-2519,-1187,156,1529,2923,4285,5528,6546,7247,7581,7559,7244,6713,6017,5169,4155,2970,1648,268,-1065,-2251,-3231,-4001,-4598,-5057,-5375,-5506,-5385,-4970,-4267,-3335
,-2261,-1134,-14,1078,2147,3191,4175,5023,5644,5968,5970,5678,5154,4465,3656,2737,1690,495,-833,-2227,-3582,-4796,-5806,-6602,-7203,-7617,-7823,-7772,-7414,-6726,-5727,-4485
,-3095,-1653,-222,1179,2557,3916,5225,6410,7378,8048,8385,8406,8167,7727,7120,6339,5347,4117,2669,1085,-509,-1988,-3273,-4345,-5230,-5960,-6537,-6926,-7069,-6914,-6447,-5708
,-4777,-3743,-2669,-1575,-451,713,1897,3036,4036,4799,5259,5404,5270,4922,4419,3790,3029,2116,1048,-135,-1348,-2487,-3467,-4253,-4862,-5331,-5674,-5861,-5829,-5514,-4892,-3991
,-2881,-1647,-360,934,2214,3468,4670,5772,6698,7368,7728,7771,7535,7081,6456,5679,4735,3599,2262,757,-837,-2416,-3882,-5174,-6267,-7159,-7842,-8289,-8456,-8305,-7824,-7043
,-6031,-4875,-3650,-2395,-1113,204,1543,2854,4059,5075,5846,6353,6613,6657,6508,6163,5597,4787,3742,2521,1222,-48,-1208,-2221,-3087,-3822,-4434,-4902,-5173,-5190,-4920,-4383
,-3643,-2776,-1840,-856,177,1261,2378,3475,4467,5255,5762,5959,5869,5547,5044,4386,3574,2604,1482,235,-1086,-2409,-3655,-4760,-5694,-6458,-7059,-7488,-7702,-7643,-7266,-6569
,-5599,-4432,-3147,-1801,-425,967,2355,3699,4939,6006,6842,7415,7720,7775,7607,7238,6673,5906,4928,3752,2420,1006,-404,-1737,-2945,-4005,-4900,-5607,-6092,-6320,-6274,-5964
,-5428,-4720,-3895,-2992,-2029,-1010,58,1144,2193,3134,3905,4465,4797,4899,4776,4438,3899,3177,2292,1275,170,-962,-2055,-3050,-3909,-4618,-5175,-5575,-5801,-5822,-5605,-5135
,-4426,-3521,-2477,-1341,-139,1115,2400,3674,4869,5908,6719,7254,7497,7461,7181,6696,6033,5199,4191,3012,1691,286,-1131,-2490,-3743,-4860,-5825,-6620,-7217,-7580,-7670,-7466
,-6973,-6229,-5293,-4229,-3085,-1891,-667,562,1756,2867,3843,4638,5220,5578,5719,5665,5435,5034,4456,3692,2754,1686,556,-559,-1594,-2505,-3270,-3875,-4309,-4552,-4586,-4399
,-4001,-3419,-2693,-1865,-969,-30,937,1917,2886,3800,4598,5218,5612,5760,5666,5347,4824,4113,3228,2187,1024,-211,-1454,-2646,-3741,-4712,-5547,-6235,-6758,-7090,-7198,-7057
,-6655,-6004,-5137,-4103,-2946,-1700,-390,953,2284,3541,4660,5587,6286,6746,6979,7004,6837,6483,5935,5191,4261,3179,1997,781,-410,-1531,-2556,-3469,-4250,-4868,-5278,-5439
,-5333,-4975,-4415,-3714,-2928,-2090,-1211,-294,649,1585,2459,3210,3790,4171,4350,4340,4157,3811,3303,2629,1796,833,-211,-1270,-2280,-3187,-3958,-4578,-5043,-5348,-5476,-5403
,-5108,-4589,-3869,-2991,-2000,-934,182,1327,2481,3610,4668,5596,6333,6833,7078,7074,6838,6390,5747,4926,3947,2839,1639,394,-846,-2040,-3157,-4175,-5073,-5818,-6367,-6679
,-6727,-6509,-6050,-5390,-4576,-3648,-2635,-1561,-453,649,1693,2627,3413,4028,4463,4719,4803,4723,4485,4089,3532,2822,1987,1070,123,-808,-1683,-2471,-3141,-3665,-4012,-4156
,-4082,-3793,-3315,-2691,-1968,-1181,-351,513,1403,2298,3162,3948,4604,5088,5375,5457,5339,5028,4531,3851,2997,1990,871,-301,-1464,-2564,-3566,-4450,-5202,-5806,-6239,-6478
,-6505,-6316,-5917,-5326,-4568,-3673,-2669,-1583,-440,733,1898,3008,4006,4841,5474,5885,6076,6058,5848,5462,4913,4220,3405,2497,1528,536,-445,-1384,-2257,-3035,-3686,-4171
,-4457,-4524,-4371,-4017,-3500,-2862,-2143,-1373,-573,239,1039,1796,2472,3030,3445,3705,3806,3750,3539,3173,2650,1975,1166,260,-692,-1635,-2522,-3323,-4016,-4581,-4992,-5221
,-5243,-5051,-4657,-4091,-3388,-2579,-1686,-724,296,1352,2411,3426,4344,5119,5717,6120,6324,6329,6137,5749,5166,4399,3475,2436,1335,227,-846,-1858,-2794,-3642,-4384,-4991
,-5428,-5663,-5681,-5487,-5102,-4557,-3881,-3098,-2228,-1294,-328,628,1523,2308,2946,3417,3718,3862,3862,3726,3451,3037,2490,1829,1088,307,-474,-1222,-1914,-2530,-3050,-3446
,-3687,-3744,-3604,-3273,-2777,-2151,-1433,-655,158,982,1794,2567,3270,3876,4359,4699,4883,4904,4757,4440,3953,3301,2499,1575,567,-477,-1509,-2490,-3390,-4187,-4862,-5393
,-5754,-5924,-5893,-5665,-5260,-4705,-4022,-3231,-2344,-1378,-356,688,1708,2653,3476,4141,4632,4946,5086,5053,4848,4472,3940,3282,2538,1749,949,159,-609,-1345,-2030,-2637
,-3131,-3476,-3647,-3633,-3442,-3097,-2626,-2058,-1416,-722,1,725,1413,2027,2532,2906,3142,3245,3224,3082,2814,2414,1881,1228,482,-320,-1141,-1945,-2706,-3398,-3995,-4467
,-4784,-4923,-4872,-4629,-4205,-3623,-2919,-2129,-1284,-404,498,1406,2297,3141,3902,4548,5049,5384,5542,5518,5313,4929,4373,3663,2828,1909,952,2,-907,-1751,-2517,-3195
,-3767,-4211,-4503,-4628,-4582,-4376,-4026,-3552,-2973,-2306,-1573,-798,-15,740,1427,2015,2485,2829,3046,3134,3089,2908,2596,2165,1636,1039,404,-243,-882,-1498,-2071,-2576
,-2986,-3270,-3404,-3372,-3170,-2808,-2310,-1705,-1022,-288,474,1239,1984,2684,3314,3844,4245,4500,4606,4569,4397,4089,3642,3054,2331,1495,578,-375,-1320,-2218,-3041,-3768
,-4380,-4850,-5153,-5273,-5210,-4982,-4610,-4115,-3514,-2823,-2059,-1240,-386,480,1328,2124,2835,3430,3884,4182,4318,4296,4123,3807,3361,2804,2167,1485,791,113,-532,-1132
,-1675,-2146,-2522,-2781,-2906,-2892,-2742,-2470,-2089,-1615,-1061,-448,198,843,1451,1991,2437,2770,2981,3067,3033,2883,2620,2247,1767,1192,537,-174,-917,-1666,-2390,-3057
,-3637,-4103,-4433,-4609,-4616,-4447,-4109,-3621,-3007,-2295,-1510,-676,186,1050,1888,2668,3364,3956,4428,4769,4969,5019,4910,4638,4207,3630,2932,2144,1303,446,-392,-1186
,-1918,-2570,-3124,-3561,-3864,-4023,-4036,-3907,-3645,-3264,-2779,-2207,-1568,-885,-185,500,1136,1694,2149,2486,2697,2780,2738,2575,2299,1919,1452,919,346,-244,-831,-1399
,-1928,-2395,-2773,-3038,-3170,-3156,-2992,-2684,-2247,-1703,-1078,-398,314,1031,1725,2368,2940,3425,3811,4085,4236,4257,4149,3913,3551,3064,2457,1743,947,100,-761,-1601
,-2388,-3096,-3706,-4198,-4555,-4761,-4808,-4693,-4423,-4011,-3481,-2862,-2180,-1456,-705,60,817,1536,2187,2745,3192,3518,3713,3771,3686,3459,3100,2628,2073,1466,837,211
,-391,-949,-1445,-1864,-2191,-2418,-2535,-2537,-2421,-2190,-1854,-1425,-921,-362,226,817,1383,1899,2339,2681,2906,3006,2980,2836,2583,2232,1792,1270,673,15,-682,-1388
,-2070,-2704,-3270,-3747,-4110,-4331,-4393,-4293,-4039,-3648,-3138,-2530,-1842,-1093,-304,501,1297,2056,2752,3361,3864,4246,4499,4617,4597,4434,4126,3674,3089,2395,1627,826
,29,-733,-1438,-2070,-2611,-3043,-3352,-3531,-3578,-3499,-3303,-2999,-2599,-2114,-1559,-952,-318,315,919,1464,1924,2279,2518,2637,2635,2513,2269,1910,1451,920,350,-230
,-797,-1334,-1829,-2269,-2638,-2920,-3096,-3149,-3069,-2853,-2507,-2045,-1485,-846,-151,574,1302,2004,2649,3211,3669,4010,4224,4306,4253,4068,3754,3319,2771,2124,1396,614
,-195,-1003,-1784,-2512,-3162,-3708,-4127,-4401,-4518,-4475,-4282,-3956,-3518,-2988,-2384,-1722,-1019,-296,423,1110,1739,2287,2737,3077,3300,3402,3377,3221,2937,2535,2039,1477
,882,283,-296,-837,-1326,-1751,-2101,-2360,-2510,-2536,-2435,-2214,-1885,-1465,-970,-420,164,757,1335,1872,2342,2719,2982,3120,3132,3025,2807,2484,2058,1534,928,265
,-424,-1108,-1766,-2384,-2948,-3442,-3842,-4124,-4269,-4265,-4110,-3811,-3381,-2838,-2199,-1481,-707,93,886,1637,2321,2922,3426,3822,4099,4252,4275,4166,3921,3545,3051,2459
,1795,1086,360,-355,-1033,-1652,-2195,-2643,-2975,-3176,-3238,-3165,-2973,-2680,-2307,-1869,-1380,-850,-292,274,824,1332,1772,2123,2368,2493,2495,2378,2149,1815,1384,875
,318,-252,-808,-1333,-1818,-2250,-2613,-2890,-3068,-3136,-3082,-2898,-2588,-2164,-1646,-1053,-404,281,977,1659,2301,2876,3358,3725,3966,4079,4070,3942,3695,3329,2849,2267
,1606,891,148,-602,-1338,-2039,-2682,-3240,-3683,-3988,-4142,-4145,-4008,-3743,-3366,-2892,-2340,-1730,-1083,-421,236,866,1450,1969,2403,2737,2960,3065,3050,2918,2673,2324
,1882,1366,801,218,-354,-891,-1370,-1772,-2081,-2285,-2379,-2363,-2243,-2029,-1731,-1357,-915,-415,128,691,1245,1764,2225,2610,2901,3083,3144,3082,2901,2607,2207,1712
,1138,507,-158,-834,-1499,-2129,-2703,-3200,-3602,-3895,-4065,-4104,-4006,-3774,-3417,-2946,-2376,-1723,-1006,-252,509,1244,1920,2515,3013,3408,3693,3862,3912,3841,3652,3352
,2950,2460,1897,1280,630,-27,-667,-1266,-1799,-2242,-2575,-2786,-2874,-2848,-2716,-2488,-2173,-1784,-1337,-849,-333,195,717,1209,1647,2006,2267,2415,2443,2354,2155,1855
,1465,998,473,-88,-660,-1219,-1743,-2208,-2593,-2883,-3068,-3144,-3107,-2957,-2695,-2327,-1864,-1318,-702,-37,652,1338,1995,2600,3129,3556,3863,4040,4087,4004,3791,3453
,3005,2465,1850,1175,458,-277,-998,-1678,-2295,-2830,-3267,-3588,-3785,-3857,-3804,-3625,-3319,-2896,-2381,-1804,-1189,-555,77,686,1249,1747,2160,2474,2679,2775,2768,2662
,2455,2148,1749,1276,752,200,-355,-885,-1365,-1774,-2097,-2321,-2432,-2422,-2294,-2062,-1742,-1348,-890,-384,152,701,1247,1770,2245,2645,2952,3154,3244,3213,3057,2780
,2395,1916,1355,726,54,-629,-1295,-1921,-2493,-2994,-3407,-3716,-3912,-3986,-3928,-3734,-3409,-2972,-2444,-1845,-1190,-500,204,900,1566,2176,2702,3119,3417,3597,3663,3615
,3452,3178,2804,2342,1807,1218,601,-15,-612,-1177,-1693,-2130,-2454,-2648,-2714,-2664,-2509,-2258,-1928,-1542,-1115,-653,-164,335,816,1260,1655,1989,2239,2380,2400,2308
,2115,1826,1440,968,435,-131,-709,-1279,-1812,-2274,-2646,-2927,-3118,-3209,-3180,-3027,-2762,-2401,-1952,-1421,-829,-207,424,1059,1694,2304,2846,3288,3615,3824,3903,3843
,3650,3348,2954,2470,1896,1253,579,-95,-756,-1392,-1980,-2493,-2917,-3251,-3481,-3581,-3532,-3346,-3054,-2677,-2218,-1687,-1115,-541,19,562,1076,1526,1880,2138,2319,2426
,2441,2345,2146,1865,1508,1074,577,60,-438,-904,-1338,-1722,-2017,-2195,-2264,-2243,-2132,-1914,-1593,-1207,-794,-356,124,643,1165,1652,2092,2483,2803,3010,3086,3047
,2918,2693,2351,1895,1360,783,177,-454,-1079,-1653,-2153,-2594,-2988,-3311,-3523,-3608,-3583,-3462,-3230,-2870,-2402,-1869,-1299,-688,-37,616,1217,1742,2204,2606,2920,3111
,3180,3157,3053,2845,2515,2088,1616,1123,601,52,-485,-962,-1370,-1731,-2042,-2260,-2342,-2294,-2153,-1934,-1624,-1221,-768,-313,133,591,1055,1476,1803,2036,2203,2309
,2323,2216,2002,1708,1338,874,329,-241,-783,-1290,-1782,-2251,-2651,-2941,-3124,-3218,-3211,-3067,-2781,-2396,-1959,-1475,-925,-315,311,916,1501,2070,2587,2990,3253,3402
,3467,3434,3266,2963,2566,2110,1591,999,368,-242,-800,-1329,-1848,-2327,-2708,-2966,-3122,-3190,-3140,-2941,-2619,-2240,-1843,-1407,-903,-354,181,669,1121,1536,1872,2085
,2185,2222,2214,2120,1898,1566,1182,775,328,-163,-646,-1060,-1398,-1702,-1988,-2208,-2303,-2269,-2141,-1936,-1631,-1222,-757,-295,155,629,1134,1618,2027,2357,2635,2849
,2945,2897,2743,2532,2256,1864,1351,782,224,-327,-909,-1507,-2038,-2443,-2744,-2996,-3193,-3273,-3203,-3027,-2800,-2510,-2110,-1605,-1067,-556,-50,495,1060,1559,1939,2227
,2471,2654,2714,2638,2484,2302,2068,1730,1306,882,511,159,-227,-631,-977,-1229,-1424,-1598,-1713,-1705,-1573,-1386,-1193,-962,-644,-262,107,421,715,1025,1314,1512
,1606,1649,1672,1636,1487,1236,943,628,249,-217,-713,-1161,-1548,-1925,-2305,-2619,-2797,-2850,-2843,-2782,-2600,-2258,-1818,-1381,-960,-482,90,686,1214,1671,2126,2589
,2965,3157,3190,3167,3129,3000,2693,2231,1722,1243,789,329,-133,-577,-1010,-1440,-1825,-2089,-2209,-2259,-2320,-2376,-2325,-2094,-1712,-1264,-807,-360,49,390,676,965
,1270,1513,1600,1548,1477,1464,1443,1284,957,572,243,-30,-329,-693,-1080,-1442,-1770,-2048,-2201,-2154,-1936,-1674,-1457,-1239,-900,-393,201,755,1190,1488,1661,1752
,1833,1953,2079,2122,2048,1927,1833,1732,1504,1096,589,88,-406,-954,-1529,-1981,-2202,-2270,-2369,-2572,-2754,-2752,-2544,-2245,-1944,-1622,-1221,-738,-207,360,954,1508
,1916,2136,2232,2282,2278,2172,1989,1815,1657,1393,925,352,-103,-340,-494,-751,-1109,-1403,-1527,-1544,-1543,-1488,-1302,-1043,-890,-903,-913,-709,-294,142,493,861
,1363,1910,2278,2379,2340,2290,2178,1874,1403,937,566,186,-327,-931,-1481,-1936,-2362,-2765,-3056,-3212,-3265,-2925,-1380,2076,6920,11092,12251,9636,4653,-435,-4304,-7016
,-8993,-10070,-9778,-8256,-6386,-4884,-3567,-1765,642,2893,4101,4104,3432,2605,1761,962,559,974,2163,3509,4314,4321,3720,2811,1804,895,305,116,136,43,-334,-938
,-1648,-2399,-3115,-3626,-3799,-3732,-3712,-3924,-4277,-4552,-4661,-4662,-4534,-4085,-3171,-1944,-797,-38,321,468,584,790,1208,1931,2900,3884,4676,5259,5731,6093,6212,6027
,5713,5544,5600,5669,5451,4799,3738,2343,690,-1061,-2651,-3877,-4749,-5452,-6162,-6930,-7730,-8517,-9182,-9494,-9193,-8195,-6676,-4945,-3248,-1714,-439,486,1062,1471,2020,2971
,4414,6249,8221,9964,11102,11404,10895,9804,8410,6929,5522,4303,3272,2246,964,-688,-2554,-4328,-5792,-6908,-7708,-8173,-8271,-8085,-7829,-7715,-7787,-7893,-7782,-7223,-6097,-4445
,-2466,-431,1434,3000,4201,4997,5420,5640,5920,6451,7220,8037,8677,8967,8780,8041,6802,5291,3813,2557,1516,587,-296,-1171,-2131,-3312,-4732,-6177,-7303,-7875,-7893,-7516
,-6921,-6258,-5675,-5279,-5038,-4762,-4228,-3341,-2161,-804,632,2041,3261,4132,4604,4784,4864,5012,5327,5834,6465,7049,7370,7275,6749,5886,4823,3707,2694,1901,1315,768
,47,-954,-2171,-3448,-4631,-5596,-6240,-6517,-6509,-6414,-6428,-6622,-6920,-7175,-7234,-6953,-6215,-5006,-3470,-1871,-453,669,1519,2217,2931,3844,5066,6537,8004,9146,9739,9740
,9241,8389,7350,6296,5370,4619,3971,3271,2354,1101,-518,-2397,-4298,-5930,-7093,-7768,-8090,-8259,-8463,-8835,-9402,-10019,-10374,-10136,-9139,-7468,-5374,-3134,-989,847,2213,3096
,3693,4326,5251,6529,8030,9522,10737,11405,11322,10469,9065,7481,6039,4861,3868,2881,1735,323,-1399,-3394,-5522,-7547,-9191,-10232,-10584,-10338,-9720,-8993,-8345,-7824,-7347,-6756
,-5886,-4629,-2981,-1061,918,2733,4226,5345,6125,6664,7102,7584,8200,8918,9569,9913,9742,8971,7665,6003,4211,2494,987,-264,-1293,-2192,-3081,-4067,-5195,-6407,-7548,-8437
,-8946,-9054,-8827,-8377,-7813,-7216,-6618,-5987,-5239,-4268,-3007,-1471,223,1891,3353,4504,5347,5961,6443,6875,7309,7761,8183,8455,8434,8036,7288,6305,5222,4144,3154,2307
,1598,920,92,-1029,-2449,-4026,-5549,-6832,-7759,-8288,-8456,-8377,-8212,-8110,-8135,-8233,-8241,-7946,-7174,-5884,-4195,-2336,-541,1030,2302,3280,4048,4780,5678,6854,8233,9571
,10585,11078,10985,10353,9317,8086,6883,5850,4975,4111,3069,1710,-10,-2025,-4154,-6139,-7727,-8782,-9328,-9516,-9542,-9588,-9781,-10135,-10502,-10590,-10095,-8858,-6938,-4570,-2056,313
,2310,3821,4892,5729,6598,7684,8996,10365,11520,12192,12204,11528,10291,8732,7112,5632,4376,3295,2232,996,-547,-2398,-4427,-6424,-8172,-9484,-10236,-10415,-10154,-9700,-9292,-9026
,-8818,-8473,-7798,-6679,-5107,-3178,-1081,946,2693,4054,5052,5815,6517,7306,8233,9216,10056,10526,10465,9838,8736,7334,5839,4426,3183,2077,992,-197,-1553,-3052,-4603,-6073
,-7309,-8180,-8627,-8697,-8517,-8232,-7953,-7730,-7536,-7261,-6733,-5806,-4456,-2809,-1074,547,1912,2947,3662,4167,4652,5293,6150,7135,8074,8783,9117,8985,8376,7397,6252,5161
,4264,3570,2980,2344,1512,387,-1023,-2591,-4108,-5379,-6291,-6837,-7085,-7154,-7190,-7317,-7574,-7880,-8069,-7970,-7468,-6524,-5182,-3577,-1920,-422,796,1752,2564,3371,4282,5350
,6560,7805,8898,9641,9916,9718,9131,8281,7308,6342,5453,4605,3683,2571,1221,-338,-2032,-3749,-5347,-6685,-7685,-8358,-8774,-9011,-9131,-9176,-9150,-8994,-8596,-7855,-6740,-5308
,-3663,-1923,-205,1390,2807,4056,5198,6291,7348,8323,9136,9704,9955,9839,9342,8511,7450,6278,5078,3877,2666,1422,113,-1293,-2797,-4337,-5800,-7072,-8072,-8759,-9124,-9197
,-9045,-8734,-8283,-7663,-6838,-5803,-4580,-3200,-1704,-161,1329,2672,3824,4797,5639,6396,7099,7752,8321,8731,8878,8672,8088,7180,6060,4850,3649,2522,1483,492,-531,-1650
,-2864,-4109,-5292,-6319,-7103,-7583,-7756,-7692,-7490,-7218,-6889,-6488,-6002,-5404,-4638,-3647,-2438,-1101,239,1479,2561,3456,4170,4763,5332,5956,6632,7277,7778,8034,7971,7558
,6829,5900,4919,3996,3156,2365,1564,684,-352,-1581,-2948,-4303,-5484,-6390,-6997,-7329,-7444,-7432,-7386,-7352,-7302,-7156,-6826,-6241,-5368,-4231,-2918,-1554,-254,917,1950,2873
,3739,4615,5556,6558,7531,8333,8835,8973,8745,8195,7400,6467,5506,4576,3666,2715,1652,422,-987,-2522,-4060,-5466,-6652,-7587,-8253,-8642,-8793,-8796,-8714,-8519,-8126,-7487
,-6606,-5491,-4149,-2642,-1099,373,1756,3071,4302,5425,6465,7472,8403,9110,9473,9491,9214,8650,7799,6750,5648,4552,3402,2134,774,-627,-2063,-3531,-4939,-6141,-7063,-7740
,-8225,-8514,-8599,-8522,-8338,-8021,-7481,-6665,-5611,-4399,-3084,-1700,-311,1004,2212,3339,4417,5438,6369,7192,7899,8439,8707,8620,8190,7507,6649,5663,4612,3596,2666,1764
,780,-323,-1498,-2697,-3903,-5059,-6035,-6721,-7129,-7348,-7426,-7358,-7180,-6972,-6735,-6348,-5691,-4779,-3708,-2531,-1262,9,1123,2008,2757,3500,4265,5016,5770,6559,7298,7795
,7931,7749,7349,6765,6015,5207,4481,3850,3182,2357,1369,251,-1005,-2385,-3753,-4913,-5773,-6390,-6843,-7146,-7302,-7384,-7471,-7531,-7421,-7026,-6349,-5448,-4360,-3115,-1805,-558
,577,1655,2748,3862,4963,6040,7082,7995,8622,8872,8792,8483,7991,7333,6588,5862,5161,4355,3315,2038,601,-938,-2536,-4079,-5402,-6428,-7210,-7831,-8306,-8617,-8788,-8843
,-8724,-8310,-7542,-6486,-5250,-3902,-2482,-1063,271,1505,2704,3931,5177,6372,7451,8363,9040,9389,9354,8975,8356,7581,6682,5683,4634,3553,2375,1012,-526,-2113,-3622,-4996
,-6195,-7130,-7734,-8063,-8251,-8368,-8376,-8223,-7914,-7422,-6644,-5503,-4084,-2577,-1117,269,1551,2651,3553,4379,5276,6242,7142,7865,8379,8641,8550,8062,7282,6388,5479,4558
,3639,2769,1922,966,-198,-1517,-2850,-4109,-5260,-6223,-6875,-7184,-7274,-7293,-7270,-7151,-6917,-6589,-6129,-5439,-4488,-3370,-2204,-1042,93,1133,2017,2785,3552,4380,5227,6031
,6763,7378,7770,7838,7587,7115,6513,5823,5080,4329,3580,2778,1849,771,-429,-1693,-2951,-4116,-5103,-5874,-6449,-6881,-7218,-7481,-7664,-7731,-7626,-7299,-6722,-5901,-4882,-3742
,-2566,-1407,-281,817,1896,2968,4054,5155,6218,7153,7875,8339,8529,8449,8133,7644,7044,6358,5572,4660,3599,2369,970,-554,-2107,-3579,-4886,-5978,-6838,-7491,-7993,-8393
,-8695,-8857,-8821,-8532,-7941,-7032,-5854,-4505,-3083,-1660,-291,985,2177,3341,4521,5701,6821,7816,8618,9127,9258,9018,8501,7797,6956,6027,5078,4126,3096,1897,521,-965
,-2496,-4012,-5399,-6510,-7278,-7766,-8064,-8201,-8186,-8077,-7919,-7647,-7115,-6250,-5109,-3791,-2354,-869,532,1735,2752,3687,4597,5454,6239,6979,7655,8139,8294,8100,7638,6969
,6114,5145,4202,3366,2569,1687,682,-410,-1580,-2843,-4126,-5250,-6081,-6639,-7013,-7229,-7271,-7199,-7125,-7056,-6844,-6355,-5602,-4674,-3600,-2383,-1114,46,1029,1909,2772,3608
,4386,5149,5946,6705,7262,7532,7564,7418,7083,6554,5924,5303,4680,3948,3043,1998,852,-410,-1770,-3105,-4261,-5187,-5940,-6559,-7030,-7364,-7626,-7840,-7918,-7743,-7288,-6606
,-5731,-4670,-3482,-2296,-1193,-133,970,2127,3284,4420,5557,6656,7576,8194,8504,8572,8436,8101,7605,7023,6376,5601,4625,3447,2116,665,-874,-2412,-3810,-4977,-5925,-6706
,-7341,-7829,-8194,-8472,-8634,-8577,-8203,-7503,-6540,-5383,-4088,-2730,-1403,-162,1017,2194,3395,4595,5751,6822,7740,8407,8744,8747,8471,7977,7311,6527,5685,4809,3861,2781
,1549,195,-1231,-2672,-4051,-5262,-6221,-6916,-7402,-7737,-7939,-8005,-7934,-7714,-7301,-6638,-5720,-4605,-3376,-2097,-823,387,1493,2506,3470,4406,5294,6102,6805,7365,7717,7809
,7643,7261,6705,6002,5190,4320,3422,2482,1471,387,-745,-1898,-3037,-4101,-5017,-5744,-6289,-6683,-6945,-7084,-7113,-7032,-6815,-6420,-5827,-5054,-4138,-3123,-2063,-1018,-28,910
,1825,2739,3650,4540,5379,6115,6688,7059,7224,7200,7004,6657,6195,5647,5010,4263,3397,2425,1356,197,-1017,-2211,-3309,-4278,-5116,-5819,-6385,-6836,-7206,-7489,-7627,-7564
,-7285,-6798,-6106,-5223,-4210,-3150,-2091,-1027,55,1148,2247,3362,4488,5565,6502,7235,7739,8001,8010,7782,7378,6861,6254,5541,4708,3754,2670,1444,99,-1287,-2616,-3823
,-4887,-5796,-6536,-7115,-7569,-7918,-8129,-8139,-7913,-7446,-6735,-5778,-4624,-3376,-2126,-903,302,1475,2590,3657,4707,5725,6631,7345,7839,8108,8122,7857,7359,6717,5983,5148
,4207,3196,2140,1004,-248,-1573,-2862,-4033,-5063,-5935,-6603,-7045,-7306,-7449,-7482,-7361,-7057,-6576,-5920,-5068,-4021,-2849,-1653,-494,621,1694,2703,3628,4482,5280,5999,6581
,6976,7173,7173,6971,6576,6028,5385,4678,3906,3060,2148,1182,166,-895,-1965,-2982,-3893,-4674,-5322,-5834,-6210,-6458,-6594,-6618,-6512,-6253,-5833,-5257,-4536,-3694,-2773,-1825
,-887,35,951,1860,2749,3609,4433,5200,5859,6355,6660,6779,6726,6516,6176,5745,5246,4669,3991,3201,2308,1322,257,-847,-1923,-2918,-3812,-4604,-5285,-5845,-6299,-6671
,-6953,-7093,-7032,-6749,-6254,-5560,-4693,-3713,-2697,-1693,-692,327,1361,2393,3424,4454,5435,6281,6929,7365,7593,7601,7391,7011,6525,5950,5256,4422,3467,2413,1254,-6
,-1309,-2557,-3686,-4682,-5538,-6231,-6751,-7131,-7403,-7546,-7501,-7234,-6753,-6069,-5177,-4098,-2914,-1717,-549,593,1702,2748,3721,4649,5540,6337,6958,7365,7564,7551,7306,6840
,6217,5497,4687,3768,2751,1676,566,-582,-1749,-2874,-3896,-4790,-5547,-6147,-6571,-6829,-6942,-6915,-6733,-6391,-5894,-5243,-4437,-3498,-2474,-1415,-355,676,1648,2557,3423,4252
,5011,5656,6170,6546,6753,6751,6541,6170,5681,5081,4378,3608,2802,1952,1037,75,-887,-1824,-2733,-3588,-4334,-4941,-5427,-5815,-6088,-6217,-6210,-6093,-5857,-5462,-4897,-4200
,-3414,-2556,-1639,-707,188,1042,1888,2740,3564,4318,4990,5576,6035,6312,6393,6324,6147,5858,5440,4910,4311,3645,2873,1973,990,-14,-1015,-2014,-2976,-3831,-4548,-5164
,-5715,-6174,-6489,-6654,-6692,-6585,-6267,-5716,-4995,-4182,-3292,-2319,-1305,-317,640,1616,2619,3586,4460,5245,5949,6510,6848,6959,6904,6710,6349,5814,5164,4450,3645,2699
,1632,519,-595,-1719,-2831,-3848,-4700,-5400,-5997,-6489,-6822,-6975,-6977,-6844,-6537,-6015,-5300,-4454,-3513,-2478,-1375,-266,801,1837,2864,3854,4743,5495,6117,6602,6896,6959
,6818,6534,6124,5562,4854,4051,3189,2247,1207,116,-953,-1975,-2964,-3897,-4701,-5337,-5837,-6240,-6519,-6622,-6550,-6339,-5989,-5453,-4726,-3879,-2986,-2062,-1098,-133,774,1619
,2454,3295,4084,4760,5321,5779,6099,6221,6140,5914,5585,5144,4581,3935,3250,2518,1702,806,-114,-1011,-1880,-2715,-3471,-4099,-4608,-5043,-5419,-5703,-5868,-5916,-5844,-5614
,-5194,-4609,-3917,-3152,-2326,-1470,-635,161,952,1770,2593,3375,4094,4749,5305,5700,5906,5950,5869,5671,5356,4952,4487,3947,3294,2520,1660,749,-204,-1178,-2120,-2979
,-3745,-4431,-5028,-5509,-5865,-6110,-6238,-6218,-6024,-5665,-5164,-4531,-3776,-2935,-2052,-1145,-212,735,1665,2555,3409,4224,4964,5582,6050,6356,6482,6412,6163,5783,5302,4712
,4001,3189,2306,1358,336,-731,-1776,-2744,-3629,-4433,-5127,-5669,-6059,-6332,-6491,-6489,-6287,-5904,-5386,-4739,-3948,-3041,-2095,-1162,-222,749,1716,2617,3445,4233,4963,5552
,5941,6158,6246,6186,5931,5503,4979,4388,3688,2854,1941,1014,71,-914,-1900,-2795,-3556,-4220,-4813,-5293,-5617,-5805,-5904,-5897,-5725,-5372,-4887,-4303,-3602,-2781,-1905,-1052
,-234,587,1414,2202,2926,3606,4247,4793,5183,5416,5527,5516,5350,5033,4623,4164,3637,3010,2299,1547,759,-86,-970,-1820,-2578,-3246,-3844,-4352,-4737,-5009,-5214,-5355
,-5382,-5257,-4999,-4644,-4183,-3593,-2904,-2184,-1467,-729,46,822,1560,2275,2995,3692,4291,4755,5109,5365,5482,5425,5232,4964,4624,4166,3583,2930,2238,1475,612,-299
,-1174,-1989,-2772,-3516,-4163,-4681,-5108,-5478,-5748,-5847,-5769,-5559,-5230,-4741,-4085,-3337,-2577,-1812,-1002,-152,689,1504,2329,3178,3985,4666,5198,5603,5874,5965,5865,5629
,5306,4883,4322,3632,2866,2049,1162,206,-763,-1679,-2526,-3312,-4020,-4608,-5066,-5420,-5683,-5822,-5800,-5615,-5288,-4820,-4206,-3473,-2675,-1853,-1011,-149,715,1557,2371,3151
,3869,4488,4987,5360,5594,5667,5575,5338,4982,4519,3960,3326,2636,1892,1088,237,-632,-1493,-2328,-3105,-3784,-4339,-4770,-5088,-5295,-5389,-5372,-5246,-4994,-4595,-4054,-3404
,-2680,-1910,-1121,-346,400,1133,1869,2592,3260,3847,4350,4758,5035,5157,5142,5026,4814,4491,4066,3582,3056,2458,1764,1007,243,-513,-1277,-2035,-2727,-3319,-3835,-4302
,-4691,-4956,-5105,-5177,-5164,-5005,-4674,-4221,-3702,-3112,-2428,-1683,-944,-231,500,1268,2026,2724,3368,3977,4513,4908,5149,5279,5318,5237,5014,4684,4284,3798,3189,2470
,1693,887,43,-829,-1669,-2429,-3117,-3763,-4352,-4837,-5199,-5459,-5620,-5642,-5492,-5185,-4759,-4223,-3566,-2812,-2018,-1219,-400,458,1328,2162,2943,3677,4347,4898,5289,5528
,5637,5615,5447,5150,4761,4292,3715,3015,2225,1388,517,-392,-1307,-2169,-2943,-3639,-4266,-4793,-5185,-5447,-5602,-5640,-5520,-5224,-4781,-4228,-3575,-2831,-2034,-1230,-428,396
,1243,2069,2833,3531,4165,4699,5083,5303,5389,5359,5199,4903,4503,4037,3498,2861,2133,1354,549,-289,-1143,-1954,-2669,-3294,-3857,-4349,-4731,-4991,-5157,-5234,-5178,-4953
,-4582,-4109,-3543,-2872,-2124,-1366,-633,97,841,1570,2245,2869,3463,4004,4432,4722,4896,4970,4923,4743,4466,4134,3740,3245,2645,1983,1294,571,-188,-943,-1641,-2271
,-2853,-3387,-3846,-4213,-4501,-4717,-4832,-4812,-4662,-4407,-4059,-3609,-3071,-2482,-1870,-1225,-537,176,882,1578,2273,2948,3554,4054,4451,4749,4925,4957,4868,4700,4461,4122
,3673,3142,2554,1893,1144,340,-461,-1231,-1979,-2696,-3339,-3884,-4349,-4747,-5042,-5186,-5179,-5055,-4819,-4446,-3939,-3353,-2731,-2062,-1323,-537,251,1031,1821,2606,3323,3926
,4422,4825,5107,5229,5199,5062,4834,4489,4023,3471,2863,2179,1398,552,-294,-1109,-1902,-2659,-3328,-3873,-4314,-4681,-4959,-5106,-5110,-4994,-4764,-4391,-3869,-3246,-2582,-1894
,-1168,-415,327,1041,1748,2457,3128,3705,4171,4537,4792,4903,4863,4709,4474,4150,3721,3203,2633,2020,1344,604,-155,-884,-1571,-2219,-2811,-3315,-3728,-4072,-4356,-4549
,-4621,-4576,-4433,-4184,-3807,-3310,-2742,-2145,-1519,-855,-174,485,1116,1740,2356,2917,3381,3758,4074,4314,4434,4424,4323,4157,3906,3546,3105,2628,2110,1513,840,152
,-509,-1161,-1824,-2455,-2991,-3431,-3820,-4165,-4413,-4532,-4553,-4503,-4349,-4047,-3624,-3153,-2659,-2105,-1473,-813,-169,479,1166,1863,2502,3055,3552,4000,4350,4562,4658,4678
,4611,4417,4096,3695,3239,2702,2063,1358,638,-90,-845,-1608,-2318,-2939,-3486,-3980,-4394,-4686,-4853,-4921,-4889,-4720,-4397,-3956,-3441,-2857,-2191,-1461,-717,16,752,1497
,2216,2867,3445,3961,4399,4715,4887,4935,4878,4704,4394,3967,3462,2893,2246,1519,747,-30,-798,-1553,-2270,-2907,-3442,-3885,-4249,-4520,-4679,-4724,-4665,-4498,-4206,-3788
,-3269,-2684,-2051,-1377,-678,20,698,1356,1995,2598,3138,3598,3974,4260,4438,4493,4429,4261,4002,3651,3213,2704,2141,1533,884,205,-480,-1149,-1786,-2376,-2901,-3346
,-3706,-3984,-4177,-4277,-4274,-4168,-3960,-3653,-3257,-2789,-2268,-1707,-1117,-513,89,683,1271,1847,2393,2885,3312,3666,3937,4110,4180,4154,4037,3831,3539,3176,2753,2273
,1733,1147,536,-82,-703,-1316,-1898,-2431,-2911,-3341,-3709,-3993,-4182,-4278,-4278,-4171,-3952,-3636,-3241,-2774,-2238,-1652,-1039,-411,232,879,1506,2098,2656,3176,3634,4003
,4277,4456,4525,4466,4287,4016,3669,3237,2717,2131,1505,841,137,-581,-1274,-1925,-2542,-3121,-3629,-4040,-4358,-4588,-4703,-4674,-4508,-4241,-3885,-3426,-2867,-2247,-1601,-926
,-212,512,1201,1841,2451,3029,3533,3930,4231,4450,4562,4530,4364,4111,3790,3377,2863,2284,1680,1045,354,-369,-1067,-1713,-2325,-2908,-3415,-3801,-4079,-4283,-4401,-4388
,-4235,-3988,-3679,-3284,-2779,-2198,-1602,-1002,-365,306,956,1547,2099,2636,3122,3504,3782,3996,4144,4170,4050,3829,3559,3224,2788,2268,1725,1178,590,-47,-678,-1250
,-1779,-2299,-2788,-3186,-3483,-3722,-3913,-4005,-3957,-3797,-3575,-3285,-2895,-2420,-1925,-1435,-915,-339,250,801,1318,1837,2346,2788,3140,3434,3687,3857,3898,3825,3688,3497
,3217,2841,2412,1961,1469,910,307,-286,-856,-1425,-1992,-2508,-2938,-3299,-3619,-3879,-4031,-4064,-4005,-3868,-3628,-3271,-2834,-2362,-1861,-1309,-709,-100,496,1090,1689,2259
,2761,3192,3568,3881,4092,4182,4170,4075,3888,3592,3202,2752,2252,1687,1059,401,-258,-912,-1560,-2175,-2720,-3184,-3579,-3903,-4131,-4246,-4257,-4177,-3997,-3704,-3307,-2836
,-2313,-1738,-1115,-466,182,822,1453,2057,2607,3085,3494,3828,4066,4184,4185,4086,3896,3614,3246,2810,2322,1780,1185,553,-89,-726,-1350,-1945,-2484,-2947,-3333,-3643
,-3867,-3991,-4013,-3940,-3775,-3513,-3155,-2719,-2229,-1698,-1136,-558,21,594,1158,1703,2210,2662,3052,3374,3616,3763,3813,3772,3647,3442,3160,2809,2399,1936,1425,878
,310,-266,-837,-1388,-1901,-2361,-2764,-3105,-3379,-3577,-3696,-3734,-3685,-3543,-3307,-2990,-2605,-2164,-1678,-1164,-637,-104,435,974,1496,1988,2441,2849,3195,3461,3640,3735
,3745,3668,3506,3272,2976,2617,2191,1706,1180,622,37,-560,-1143,-1691,-2197,-2659,-3062,-3388,-3634,-3807,-3905,-3910,-3809,-3611,-3330,-2969,-2528,-2025,-1489,-935,-359,236
,829,1395,1931,2442,2914,3317,3630,3855,3994,4033,3959,3783,3532,3215,2822,2354,1832,1276,682,46,-607,-1239,-1827,-2372,-2867,-3284,-3604,-3835,-3991,-4063,-4029,-3884
,-3647,-3331,-2927,-2436,-1884,-1307,-715,-102,520,1121,1680,2202,2691,3123,3467,3714,3872,3940,3900,3748,3507,3201,2834,2398,1901,1367,808,220,-391,-997,-1564,-2080
,-2547,-2956,-3282,-3514,-3663,-3739,-3730,-3620,-3411,-3122,-2765,-2339,-1852,-1333,-807,-278,259,794,1303,1776,2217,2621,2964,3224,3399,3496,3512,3436,3270,3038,2756,2422
,2029,1585,1109,608,81,-460,-987,-1478,-1928,-2338,-2697,-2986,-3202,-3354,-3443,-3453,-3369,-3199,-2958,-2652,-2280,-1851,-1391,-916,-426,83,597,1094,1568,2020,2441,2804
,3090,3299,3437,3496,3463,3345,3162,2925,2628,2264,1845,1384,886,349,-212,-768,-1297,-1793,-2254,-2665,-3008,-3278,-3481,-3615,-3664,-3616,-3475,-3255,-2958,-2584,-2143,-1658
,-1146,-609,-49,517,1068,1595,2097,2563,2971,3301,3548,3711,3783,3752,3624,3415,3139,2795,2383,1913,1400,849,264,-342,-940,-1508,-2034,-2510,-2923,-3257,-3508,-3681
,-3774,-3775,-3675,-3479,-3198,-2841,-2412,-1923,-1394,-845,-283,287,854,1398,1907,2374,2790,3137,3398,3567,3648,3639,3537,3346,3080,2754,2374,1940,1459,945,409,-140
,-692,-1226,-1721,-2163,-2548,-2873,-3129,-3309,-3414,-3443,-3391,-3251,-3024,-2721,-2357,-1941,-1483,-1000,-510,-21,467,950,1416,1851,2245,2592,2880,3094,3223,3270,3240,3137
,2963,2727,2442,2112,1733,1306,844,360,-136,-637,-1125,-1579,-1985,-2342,-2649,-2897,-3078,-3191,-3238,-3215,-3109,-2919,-2656,-2337,-1968,-1553,-1106,-646,-181,291,770,1241
,1685,2095,2466,2785,3032,3196,3283,3299,3242,3108,2905,2647,2336,1965,1534,1059,556,34,-500,-1026,-1519,-1966,-2368,-2725,-3024,-3250,-3400,-3478,-3477,-3384,-3196,-2929
,-2598,-2206,-1757,-1268,-761,-243,288,825,1347,1833,2279,2682,3026,3288,3457,3542,3548,3470,3304,3060,2756,2394,1969,1483,956,409,-151,-716,-1266,-1774,-2227,-2625
,-2967,-3238,-3426,-3530,-3556,-3498,-3345,-3098,-2775,-2393,-1957,-1472,-958,-436,86,610,1129,1620,2064,2455,2793,3065,3252,3349,3365,3310,3179,2969,2691,2360,1983,1555
,1081,579,69,-442,-946,-1426,-1858,-2231,-2551,-2817,-3020,-3148,-3202,-3187,-3097,-2923,-2669,-2354,-1993,-1592,-1155,-698,-238,219,675,1125,1551,1936,2275,2567,2798,2953
,3029,3035,2980,2860,2674,2433,2148,1819,1439,1013,559,95,-371,-833,-1273,-1672,-2024,-2334,-2600,-2810,-2954,-3032,-3045,-2988,-2852,-2639,-2364,-2040,-1673,-1268,-839,-400
,45,498,953,1394,1803,2174,2501,2771,2967,3083,3128,3107,3018,2858,2634,2357,2027,1641,1202,727,236,-262,-759,-1239,-1684,-2083,-2437,-2744,-2992,-3168,-3267,-3291
,-3235,-3090,-2860,-2562,-2211,-1811,-1366,-890,-400,95,595,1093,1568,2002,2387,2719,2987,3176,3279,3305,3259,3138,2940,2674,2351,1976,1546,1066,556,38,-477,-982
,-1462,-1898,-2281,-2610,-2885,-3095,-3227,-3278,-3251,-3144,-2953,-2682,-2347,-1964,-1543,-1088,-610,-125,358,835,1299,1734,2121,2452,2725,2933,3063,3111,3084,2991,2834,2610
,2325,1991,1615,1196,738,261,-213,-674,-1119,-1536,-1908,-2226,-2492,-2710,-2870,-2958,-2972,-2915,-2789,-2591,-2324,-2003,-1647,-1263,-854,-429,-1,424,845,1256,1641,1984
,2277,2517,2697,2807,2844,2817,2735,2598,2402,2152,1859,1526,1150,734,297,-143,-576,-998,-1398,-1761,-2078,-2351,-2580,-2757,-2868,-2910,-2884,-2790,-2623,-2386,-2093,-1759
,-1390,-990,-567,-134,301,736,1167,1576,1946,2270,2545,2764,2911,2981,2981,2919,2795,2604,2351,2046,1695,1295,850,380,-96,-567,-1030,-1471,-1871,-2221,-2523,-2776
,-2969,-3086,-3126,-3093,-2986,-2798,-2533,-2209,-1842,-1438,-999,-536,-65,404,870,1325,1752,2132,2458,2727,2931,3058,3104,3076,2983,2824,2597,2307,1966,1580,1151,684
,198,-287,-759,-1213,-1637,-2016,-2339,-2607,-2823,-2977,-3054,-3050,-2971,-2822,-2600,-2308,-1961,-1580,-1175,-745,-298,152,593,1023,1437,1820,2152,2425,2641,2793,2871,2872
,2807,2686,2510,2275,1986,1655,1289,886,453,9,-426,-842,-1237,-1602,-1924,-2195,-2419,-2596,-2717,-2770,-2752,-2668,-2520,-2307,-2034,-1718,-1374,-1009,-623,-223,179,577
,968,1345,1693,1996,2250,2452,2596,2672,2680,2630,2529,2375,2166,1908,1609,1272,898,492,72,-345,-750,-1137,-1498,-1821,-2100,-2336,-2529,-2668,-2741,-2745,-2682,-2555
,-2362,-2107,-1806,-1472,-1111,-724,-316,99,512,920,1318,1691,2021,2301,2528,2697,2798,2827,2791,2698,2547,2336,2067,1751,1392,992,557,106,-343,-779,-1198,-1591
,-1944,-2248,-2503,-2707,-2850,-2919,-2912,-2832,-2683,-2467,-2187,-1856,-1489,-1094,-674,-235,210,650,1077,1486,1862,2188,2456,2665,2811,2885,2885,2819,2694,2511,2265,1963
,1616,1234,818,376,-76,-520,-944,-1345,-1714,-2039,-2311,-2529,-2694,-2798,-2830,-2786,-2671,-2491,-2251,-1957,-1620,-1255,-869,-465,-47,372,779,1169,1536,1867,2148,2370
,2534,2640,2681,2655,2567,2428,2240,2000,1709,1379,1020,636,230,-182,-581,-957,-1308,-1631,-1915,-2152,-2340,-2482,-2570,-2592,-2544,-2433,-2266,-2047,-1779,-1472,-1141,-792
,-424,-42,343,718,1078,1419,1732,2001,2217,2380,2490,2541,2529,2460,2342,2177,1962,1695,1387,1047,680,289,-113,-507,-883,-1238,-1570,-1867,-2118,-2322,-2480,-2586
,-2626,-2593,-2494,-2339,-2129,-1866,-1559,-1223,-866,-488,-90,314,710,1090,1452,1786,2075,2310,2490,2614,2676,2669,2599,2475,2300,2069,1782,1450,1086,693,275,-154
,-575,-975,-1352,-1703,-2015,-2277,-2484,-2639,-2735,-2759,-2707,-2587,-2408,-2172,-1882,-1547,-1183,-799,-395,24,444,851,1238,1601,1930,2207,2423,2579,2677,2710,2672,2570
,2415,2212,1954,1643,1291,912,513,96,-326,-732,-1111,-1462,-1783,-2062,-2287,-2457,-2574,-2633,-2623,-2540,-2394,-2195,-1946,-1650,-1318,-966,-602,-225,163,548,915,1259
,1579,1866,2102,2279,2399,2466,2476,2423,2314,2159,1964,1723,1436,1114,769,407,31,-348,-712,-1050,-1362,-1648,-1897,-2098,-2250,-2356,-2412,-2405,-2332,-2203,-2028,-1809
,-1544,-1244,-923,-590,-242,118,478,824,1151,1459,1739,1974,2156,2285,2364,2388,2353,2263,2129,1952,1728,1456,1147,814,461,89,-289,-656,-999,-1320,-1617,-1879
,-2095,-2261,-2380,-2448,-2453,-2392,-2271,-2100,-1881,-1615,-1310,-979,-631,-267,111,491,858,1205,1529,1822,2068,2259,2396,2481,2509,2473,2377,2230,2037,1794,1501,1168
,809,431,38,-360,-747,-1109,-1444,-1749,-2017,-2235,-2399,-2509,-2561,-2546,-2461,-2313,-2113,-1865,-1571,-1241,-890,-524,-144,247,634,1003,1346,1660,1937,2163,2330,2438
,2492,2488,2423,2300,2128,1913,1653,1347,1006,643,267,-116,-497,-860,-1195,-1500,-1773,-2006,-2188,-2317,-2395,-2418,-2379,-2275,-2115,-1909,-1663,-1377,-1059,-724,-381,-31
,325,676,1008,1314,1591,1834,2030,2171,2258,2295,2280,2211,2090,1926,1723,1480,1197,883,551,209,-140,-488,-820,-1125,-1402,-1652,-1867,-2036,-2156,-2228,-2252,-2221
,-2130,-1985,-1798,-1574,-1313,-1021,-710,-388,-57,280,615,935,1233,1506,1747,1946,2094,2191,2241,2241,2186,2078,1926,1735,1503,1228,918,588,246,-106,-461,-803
,-1121,-1411,-1675,-1906,-2091,-2225,-2308,-2339,-2311,-2221,-2075,-1883,-1650,-1378,-1072,-744,-404,-52,308,667,1008,1324,1612,1866,2075,2227,2323,2366,2357,2290,2167,1996
,1782,1525,1225,891,537,171,-201,-571,-925,-1251,-1547,-1811,-2036,-2211,-2330,-2395,-2405,-2353,-2237,-2064,-1847,-1591,-1298,-973,-630,-279,78,438,791,1123,1425,1694
,1926,2109,2235,2304,2321,2287,2197,2055,1868,1643,1379,1076,745,398,45,-310,-658,-986,-1283,-1548,-1781,-1975,-2119,-2210,-2251,-2241,-2174,-2048,-1871,-1656,-1408,-1128
,-822,-503,-179,147,475,794,1092,1361,1599,1802,1959,2064,2118,2127,2089,2002,1868,1695,1488,1246,969,666,351,31,-292,-610,-910,-1183,-1427,-1644,-1826,-1964
,-2054,-2097,-2094,-2038,-1928,-1770,-1575,-1349,-1091,-808,-510,-204,108,424,735,1026,1291,1529,1735,1899,2012,2076,2096,2071,1996,1872,1708,1510,1274,1001,699,383
,59,-269,-595,-906,-1191,-1448,-1676,-1870,-2019,-2117,-2166,-2165,-2109,-1995,-1830,-1626,-1388,-1118,-819,-502,-176,154,487,813,1119,1396,1642,1853,2018,2128,2184,2192
,2153,2062,1920,1735,1513,1254,958,635,299,-41,-380,-714,-1029,-1315,-1568,-1789,-1971,-2104,-2183,-2210,-2186,-2106,-1969,-1782,-1557,-1302,-1017,-708,-384,-55,274,601
,917,1209,1469,1694,1880,2019,2105,2139,2125,2065,1956,1801,1606,1378,1116,823,507,183,-140,-460,-771,-1060,-1318,-1542,-1735,-1892,-2003,-2062,-2072,-2035,-1948,-1810
,-1627,-1411,-1169,-902,-613,-312,-9,293,592,880,1145,1379,1582,1751,1876,1952,1980,1966,1911,1812,1670,1491,1281,1041,770,478,178,-122,-419,-709,-982,-1227
,-1442,-1627,-1779,-1888,-1951,-1969,-1943,-1869,-1746,-1580,-1382,-1158,-906,-631,-343,-50,245,540,827,1092,1329,1536,1711,1845,1929,1966,1961,1914,1822,1686,1511,1304
,1065,794,500,194,-114,-420,-719,-1001,-1257,-1482,-1677,-1837,-1954,-2020,-2037,-2006,-1926,-1796,-1620,-1409,-1171,-905,-615,-309,1,310,617,914,1188,1430,1638,1811
,1939,2016,2042,2022,1959,1850,1695,1500,1273,1014,726,416,99,-217,-527,-828,-1108,-1358,-1574,-1757,-1902,-2000,-2046,-2041,-1989,-1889,-1740,-1547,-1322,-1071,-797,-503
,-198,109,411,707,989,1246,1469,1657,1807,1913,1968,1974,1937,1859,1738,1574,1375,1147,893,613,316,15,-280,-567,-843,-1099,-1324,-1516,-1676,-1802,-1885,-1919
,-1905,-1846,-1743,-1596,-1411,-1198,-964,-709,-436,-153,129,406,677,936,1171,1374,1545,1684,1783,1835,1842,1811,1743,1635,1487,1304,1094,859,598,319,36,-243
,-515,-778,-1024,-1242,-1430,-1589,-1716,-1801,-1839,-1832,-1784,-1693,-1558,-1384,-1183,-960,-714,-448,-170,109,385,656,917,1156,1364,1538,1678,1778,1833,1843,1814,1748
,1643,1496,1312,1098,858,594,311,22,-264,-543,-812,-1063,-1286,-1477,-1638,-1764,-1847,-1882,-1869,-1813,-1713,-1568,-1384,-1172,-938,-682,-406,-119,169,453,730,993
,1232,1438,1608,1742,1834,1877,1873,1829,1747,1624,1460,1261,1034,781,505,215,-77,-363,-640,-904,-1147,-1359,-1537,-1681,-1790,-1854,-1868,-1835,-1759,-1643,-1486,-1293
,-1073,-833,-575,-301,-21,256,525,785,1030,1250,1435,1584,1698,1771,1798,1780,1724,1633,1506,1341,1143,922,681,421,148,-126,-391,-645,-887,-1109,-1303,-1463
,-1592,-1688,-1745,-1756,-1722,-1649,-1539,-1391,-1210,-1004,-781,-542,-288,-27,233,485,730,962,1172,1349,1492,1603,1678,1711,1701,1653,1572,1457,1305,1120,911,682
,433,170,-96,-356,-606,-844,-1064,-1257,-1419,-1552,-1654,-1716,-1731,-1702,-1635,-1531,-1389,-1213,-1011,-791,-554,-301,-38,225,482,731,966,1178,1358,1504,1617,1693
,1727,1717,1670,1588,1471,1316,1127,911,673,415,143,-131,-398,-654,-898,-1122,-1318,-1480,-1610,-1706,-1761,-1768,-1729,-1651,-1535,-1380,-1190,-974,-741,-492,-229,41
,309,568,816,1049,1256,1427,1562,1662,1723,1740,1712,1647,1549,1416,1244,1040,814,572,314,45,-224,-482,-726,-955,-1163,-1342,-1487,-1599,-1677,-1714,-1704,-1651
,-1560,-1435,-1275,-1084,-871,-644,-404,-152,105,356,597,826,1039,1227,1381,1500,1586,1637,1646,1615,1549,1452,1323,1160,967,753,524,281,30,-220,-461,-689
,-903,-1098,-1266,-1402,-1508,-1581,-1616,-1608,-1559,-1475,-1360,-1213,-1036,-836,-621,-395,-157,87,328,559,778,984,1168,1321,1440,1525,1577,1591,1567,1508,1418,1297
,1142,958,752,530,295,50,-195,-432,-658,-871,-1066,-1236,-1375,-1482,-1558,-1596,-1592,-1546,-1464,-1351,-1206,-1030,-831,-617,-390,-150,96,340,574,796,1003,1187
,1339,1457,1543,1594,1605,1576,1512,1418,1291,1130,938,726,498,257,6,-244,-484,-710,-922,-1116,-1282,-1416,-1518,-1586,-1616,-1601,-1545,-1453,-1330,-1175,-990,-784
,-564,-332,-90,156,398,629,846,1045,1219,1361,1468,1542,1581,1581,1542,1469,1365,1231,1065,870,656,428,190,-55,-297,-529,-747,-949,-1131,-1284,-1405,-1495
,-1552,-1571,-1548,-1485,-1389,-1263,-1108,-926,-725,-511,-287,-54,183,414,633,838,1025,1187,1316,1412,1477,1510,1507,1465,1390,1287,1156,996,809,604,387,162
,-69,-298,-516,-720,-910,-1081,-1226,-1341,-1425,-1477,-1495,-1473,-1414,-1322,-1202,-1055,-883,-692,-488,-275,-53,172,393,604,801,981,1138,1266,1362,1427,1459,1456
,1419,1351,1255,1129,974,794,596,386,165,-64,-291,-507,-709,-898,-1069,-1215,-1331,-1415,-1468,-1486,-1465,-1406,-1315,-1195,-1047,-874,-681,-475,-259,-33,196,420
,632,831,1013,1171,1298,1391,1452,1481,1474,1431,1355,1251,1119,956,767,559,341,115,-117,-347,-566,-769,-955,-1123,-1264,-1373,-1448,-1492,-1500,-1469,-1399,-1296
,-1166,-1009,-826,-624,-412,-192,35,264,486,694,886,1059,1207,1322,1402,1450,1467,1450,1397,1311,1197,1056,888,696,489,272,48,-178,-399,-606,-797,-971
,-1125,-1251,-1345,-1406,-1436,-1433,-1393,-1317,-1211,-1080,-927,-751,-558,-355,-146,68,283,492,687,865,1024,1159,1265,1338,1381,1393,1373,1321,1239,1130,996,838
,657,461,256,47,-163,-370,-566,-747,-912,-1058,-1181,-1273,-1334,-1365,-1365,-1330,-1260,-1161,-1040,-897,-730,-545,-350,-151,53,261,464,653,826,982,1116,1222
,1296,1340,1355,1340,1292,1214,1110,981,826,649,457,256,49,-161,-367,-561,-740,-903,-1048,-1169,-1262,-1324,-1356,-1355,-1319,-1249,-1151,-1028,-882,-714,-529,-334
,-133,73,282,484,672,844,999,1131,1233,1302,1341,1353,1334,1281,1197,1088,954,794,611,414,211,4,-205,-411,-604,-781,-942,-1084,-1201,-1286,-1339,-1362
,-1353,-1308,-1228,-1122,-995,-845,-672,-482,-284,-82,123,329,527,710,874,1018,1139,1231,1291,1321,1323,1295,1235,1146,1032,894,731,548,353,154,-48,-250
,-447,-631,-798,-949,-1082,-1188,-1262,-1304,-1317,-1301,-1251,-1169,-1061,-933,-786,-618,-434,-242,-49,146,341,529,701,855,990,1102,1186,1240,1266,1265,1235,1175
,1087,976,844,690,516,331,141,-51,-243,-431,-607,-767,-910,-1035,-1135,-1207,-1249,-1264,-1250,-1203,-1126,-1024,-902,-761,-600,-424,-241,-54,135,324,506,675
,826,959,1070,1154,1210,1239,1241,1214,1157,1073,965,835,683,512,329,140,-50,-241,-427,-603,-763,-906,-1031,-1133,-1206,-1248,-1261,-1244,-1197,-1119,-1016,-892
,-748,-584,-405,-219,-31,160,351,536,704,853,982,1090,1171,1222,1243,1238,1205,1143,1053,938,801,644,469,283,93,-97,-287,-471,-642,-796,-932,-1050
,-1144,-1207,-1239,-1242,-1217,-1161,-1075,-964,-835,-690,-527,-349,-163,24,210,394,570,731,871,992,1091,1163,1204,1217,1204,1164,1095,999,882,747,592,419
,237,54,-128,-310,-486,-649,-793,-919,-1026,-1111,-1167,-1193,-1191,-1161,-1102,-1016,-907,-782,-640,-482,-310,-133,45,222,397,563,713,845,959,1052,1119,1157
,1168,1156,1118,1053,961,849,720,573,410,236,59,-117,-290,-458,-614,-755,-879,-985,-1068,-1123,-1150,-1152,-1128,-1075,-995,-892,-772,-635,-481,-314,-142,32
,207,381,547,696,827,940,1033,1100,1138,1150,1139,1102,1037,947,837,708,560,395,221,46,-127,-300,-468,-624,-763,-885,-990,-1071,-1124,-1147,-1145,-1117
,-1061,-977,-871,-749,-612,-458,-290,-116,57,228,397,559,705,831,938,1026,1088,1122,1129,1113,1073,1005,911,797,666,517,353,180,7,-164,-333,-497
,-647,-779,-893,-990,-1063,-1108,-1123,-1113,-1078,-1018,-932,-824,-700,-561,-408,-245,-77,90,256,418,571,708,827,927,1006,1059,1085,1085,1063,1018,948,853
,739,610,466,309,143,-23,-186,-346,-500,-641,-765,-871,-958,-1024,-1064,-1078,-1066,-1030,-968,-883,-778,-659,-525,-378,-221,-61,98,256,411,557,687,798
,892,967,1018,1042,1041,1020,977,911,821,712,587,448,297,138,-22,-180,-335,-483,-619,-739,-844,-932,-998,-1036,-1048,-1036,-1002,-944,-862,-761,-645,-515
,-371,-216,-58,99,254,406,549,677,789,883,956,1005,1028,1029,1008,964,896,806,698,574,435,283,125,-32,-187,-340,-487,-622,-741,-843,-927,-990
,-1026,-1035,-1020,-984,-924,-840,-736,-618,-487,-343,-189,-32,124,277,426,565,689,794,882,950,995,1014,1010,985,938,867,773,662,537,399,250,94
,-62,-214,-362,-504,-633,-745,-838,-913,-968,-999,-1003,-982,-940,-877,-792,-689,-571,-441,-299,-150,2,152,300,443,574,689,786,865,926,964,978,969
,940,890,818,726,617,495,360,216,67,-81,-226,-366,-499,-619,-723,-810,-879,-928,-954,-955,-933,-891,-828,-745,-645,-532,-409,-275,-133,11,153,292
,426,552,662,754,829,887,926,941,933,904,856,788,699,593,474,345,207,64,-79,-219,-355,-484,-601,-702,-788,-857,-907,-932,-933,-912,-871,-810
,-729,-631,-521,-400,-268,-128,14,155,292,425,548,656,747,820,876,911,924,915,886,836,765,674,569,452,324,186,42,-101,-238,-371,-498,-614
,-713,-794,-858,-902,-924,-921,-897,-853,-790,-706,-606,-493,-371,-239,-100,41,180,314,441,558,660,745,814,865,895,901,886,852,800,728,636,529
,411,285,151,11,-127,-260,-386,-506,-615,-708,-783,-840,-879,-896,-889,-860,-813,-749,-665,-566,-456,-338,-211,-76,60,192,319,441,554,650,728,789
,834,860,864,847,813,761,689,600,498,385,262,132,-1,-132,-259,-380,-494,-596,-684,-756,-811,-846,-859,-850,-823,-778,-715,-635,-539,-433,-318,-196
,-67,63,191,313,429,537,631,707,766,808,832,837,822,789,738,668,581,481,370,251,125,-4,-131,-253,-370,-482,-583,-669,-737,-789,-824,-838
,-829,-800,-754,-693,-615,-521,-415,-301,-181,-55,73,199,319,432,536,626,700,758,799,822,825,808,774,722,652,564,463,352,234,110,-17,-142
,-262,-378,-487,-585,-667,-732,-780,-811,-821,-809,-777,-729,-665,-584,-489,-384,-271,-151,-27,98,219,336,447,547,632,701,753,789,806,804,783,744
,689,617,529,429,320,205,84,-39,-161,-277,-386,-488,-579,-656,-716,-759,-784,-788,-772,-738,-689,-625,-545,-451,-348,-239,-124,-3,118,235,344,446
,538,617,680,727,759,774,770,748,710,656,586,499,400,293,181,65,-53,-169,-279,-383,-480,-567,-638,-692,-730,-753,-757,-742,-709,-661,-599,-522
,-432,-333,-228,-117,-2,115,228,335,434,523,599,659,703,733,747,743,722,684,631,562,479,385,283,174,60,-56,-170,-278,-380,-475,-559,-629
,-683,-722,-744,-748,-732,-699,-650,-588,-512,-423,-325,-220,-110,3,117,227,331,428,516,591,650,693,721,735,730,706,665,611,543,460,363,258
,151,42,-70,-183,-290,-389,-480,-560,-627,-677,-712,-731,-732,-713,-677,-627,-564,-488,-399,-302,-199,-91,20,131,237,337,430,513,582,636,675,700
,710,702,677,635,579,509,428,336,236,131,22,-87,-193,-294,-387,-473,-549,-611,-657,-687,-702,-700,-680,-644,-594,-533,-459,-372,-277,-179,-77,30
,138,240,334,420,498,564,616,653,676,683,672,646,606,554,487,405,314,219,120,16,-89,-191,-286,-376,-459,-532,-591,-634,-663,-678,-676,-656
,-620,-572,-512,-440,-357,-265,-167,-66,38,141,240,332,416,492,556,604,637,658,665,656,630,589,537,472,393,304,209,111,10,-93,-193,-287
,-374,-455,-525,-582,-624,-651,-664,-659,-637,-600,-552,-492,-420,-336,-245,-150,-51,51,153,250,339,421,493,554,600,632,650,655,644,616,574,519
,452,373,284,190,93,-6,-105,-201,-292,-378,-456,-523,-576,-613,-637,-646,-639,-616,-578,-529,-468,-395,-311,-220,-126,-30,68,166,259,344,422,491
,548,590,619,634,635,620,590,548,494,427,347,259,167,73,-23,-120,-213,-300,-379,-451,-513,-561,-594,-613,-620,-612,-588,-549,-499,-439,-369,-289
,-200,-108,-15,78,171,260,342,414,477,530,570,595,607,607,592,562,519,465,400,324,238,149,59,-32,-124,-214,-297,-373,-442,-502,-549,-580
,-597,-601,-592,-569,-531,-481,-421,-352,-274,-189,-101,-12,78,168,254,333,404,465,515,552,575,587,587,572,542,498,444,380,306,223,136,48
,-41,-130,-217,-299,-373,-439,-495,-539,-568,-584,-588,-578,-552,-512,-462,-405,-338,-260,-176,-90,-3,85,173,257,332,398,456,504,539,560,568,565
,549,519,476,421,357,284,204,120,34,-52,-137,-220,-298,-370,-433,-485,-524,-551,-565,-567,-555,-529,-490,-441,-383,-316,-240,-159,-76,9,95,179
,258,329,392,448,493,524,543,551,547,529,496,452,400,338,266,188,107,25,-59,-143,-222,-295,-361,-421,-471,-508,-533,-545,-545,-531,-504,-467
,-420,-363,-297,-223,-145,-65,18,101,182,257,325,386,439,482,511,527,532,528,511,481,438,386,325,256,180,100,20,-61,-141,-219,-291,-355
,-412,-459,-495,-518,-529,-527,-512,-485,-448,-402,-347,-283,-211,-134,-55,25,106,184,257,324,383,434,475,503,519,524,517,499,468,426,374,313
,244,169,91,12,-67,-144,-218,-288,-351,-406,-451,-484,-505,-514,-512,-497,-470,-431,-384,-328,-265,-194,-119,-41,38,116,192,262,326,382,429,466
,492,506,509,501,481,450,409,358,298,230,157,81,5,-71,-146,-218,-284,-342,-394,-437,-469,-488,-495,-491,-477,-451,-414,-367,-313,-251,-183,-110
,-35,41,117,191,259,319,373,419,455,479,491,493,485,465,433,390,338,279,213,143,70,-5,-79,-151,-219,-283,-340,-390,-430,-460,-478,-483
,-477,-461,-434,-397,-351,-297,-236,-170,-99,-27,46,118,189,254,312,361,403,437,460,471,472,463,443,411,369,319,263,199,130,58,-14,-85
,-155,-222,-282,-336,-384,-423,-450,-465,-469,-464,-449,-421,-382,-336,-284,-225,-160,-90,-19,51,120,188,252,308,356,395,426,447,457,456,445,424
,393,351,300,242,179,113,44,-25,-94,-161,-226,-285,-337,-381,-416,-440,-453,-456,-449,-431,-403,-365,-319,-267,-208,-143,-76,-8,60,128,193,253
,305,350,388,417,435,443,441,429,406,373,330,281,225,164,98,31,-36,-103,-168,-229,-284,-332,-373,-405,-427,-437,-437,-429,-411,-383,-345,-299
,-247,-190,-128,-63,3,68,132,195,252,302,344,378,405,421,426,422,410,388,356,314,265,211,152,89,24,-41,-103,-164,-222,-276,-322,-360
,-389,-410,-421,-421,-411,-391,-363,-327,-283,-233,-177,-117,-54,10,73,135,194,248,295,335,367,392,407,413,410,397,374,342,301,254,201,143
,82,20,-42,-103,-163,-220,-270,-313,-349,-377,-396,-405,-404,-393,-374,-347,-311,-267,-217,-164,-107,-47,15,77,136,192,243,289,328,359,381,395
,400,396,384,362,331,291,245,194,138,78,17,-42,-100,-158,-213,-262,-303,-338,-366,-385,-392,-390,-380,-361,-333,-297,-255,-207,-154,-97,-38,22
,81,139,193,241,284,320,349,370,383,388,384,370,347,315,276,231,180,125,68,10,-49,-107,-163,-215,-261,-300,-333,-357,-372,-378,-376,-365
,-346,-318,-283,-242,-195,-144,-89,-31,27,84,139,190,237,278,313,340,360,371,374,367,351,327,295,257,212,163,110,55,-1,-57,-112,-165
,-215,-259,-297,-327,-350,-365,-371,-367,-355,-336,-308,-273,-232,-186,-136,-82,-26,30,84,137,187,232,271,303,329,347,357,359,352,337,314,283
,244,200,152,100,46,-10,-65,-118,-168,-216,-259,-295,-322,-342,-355,-360,-355,-342,-322,-296,-262,-221,-174,-125,-73,-19,36,89,139,187,231,269
,299,322,339,348,347,338,322,299,268,229,185,138,88,35,-19,-71,-120,-168,-213,-253,-285,-311,-330,-341,-343,-337,-325,-305,-277,-242,-202,-159
,-111,-60,-7,44,94,143,189,230,264,291,313,328,334,332,322,306,283,253,216,173,127,79,28,-23,-73,-121,-166,-208,-246,-277,-301,-318
,-328,-329,-322,-308,-288,-261,-228,-188,-145,-99,-51,-2,48,96,142,184,222,255,282,302,316,322,320,312,297,274,243,207,167,124,77,27
,-22,-70,-117,-162,-203,-239,-268,-291,-307,-316,-317,-310,-297,-277,-250,-217,-178,-136,-91,-43,6,54,101,145,187,224,255,280,298,310,315,313
,304,288,265,235,199,159,116,71,24,-24,-71,-115,-157,-196,-231,-259,-279,-293,-301,-302,-296,-282,-262,-236,-205,-168,-127,-84,-39,8,55,100
,142,182,218,249,273,291,303,308,306,296,279,256,227,192,152,110,66,20,-26,-72,-116,-158,-196,-228,-254,-274,-287,-294,-293,-286,-273,-253
,-227,-195,-159,-119,-77,-33,13,58,101,142,179,213,242,265,282,292,296,292,281,264,241,212,179,142,102,59,14,-31,-75,-117,-157,-193
,-224,-249,-268,-281,-288,-287,-280,-266,-246,-221,-190,-155,-116,-75,-32,12,56,98,138,175,208,235,256,272,282,285,281,269,252,229,201,167
,129,90,49,6,-39,-82,-122,-159,-193,-223,-247,-265,-277,-283,-281,-272,-257,-238,-213,-182,-146,-108,-68,-26,17,60,100,138,173,205,231,250
,264,272,274,268,256,239,216,188,155,118,79,39,-3,-46,-87,-126,-162,-194,-221,-243,-259,-269,-273,-270,-260,-244,-223,-198,-168,-134,-96,-57
,-16,25,66,104,139,171,200,224,242,255,262,262,256,243,226,203,175,141,105,67,28,-12,-53,-91,-126,-159,-190,-216,-236,-249,-257,-260
,-257,-246,-230,-210,-186,-157,-122,-85,-47,-9,30,69,105,138,168,195,217,234,246,252,252,246,234,217,195,168,137,102,66,28,-11,-49
,-86,-120,-151,-180,-205,-224,-237,-244,-246,-243,-234,-220,-200,-176,-147,-115,-80,-44,-7,31,67,102,135,165,192,213,228,239,245,246,240,228
,211,190,165,134,100,64,28,-8,-45,-81,-115,-146,-174,-197,-215,-228,-235,-237,-233,-223,-208,-189,-166,-138,-106,-72,-38,-2,35,71,105,135
,163,188,208,223,233,238,238,231,218,201,179,153,123,91,57,22,-14,-49,-83,-116,-146,-172,-193,-208,-218,-224,-225,-221,-211,-196,-177,-154
,-127,-96,-64,-31,3,37,71,103,132,158,181,199,213,221,225,223,216,204,187,166,141,112,81,49,16,-18,-53,-86,-116,-142,-165,-186
,-202,-213,-218,-218,-214,-205,-191,-172,-150,-124,-95,-63,-31,2,35,68,99,127,152,174,192,205,213,216,214,207,195,178,158,133,105,75
,44,11,-23,-56,-87,-115,-142,-166,-186,-200,-210,-215,-216,-211,-202,-188,-170,-147,-121,-92,-61,-30,2,34,66,96,123,147,168,186,199,207
,210,209,203,190,173,152,128,101,70,38,6,-25,-57,-88,-117,-142,-164,-183,-197,-206,-211,-211,-206,-195,-180,-162,-140,-114,-85,-54,-23,8
,40,70,98,124,148,168,184,195,201,203,200,192,179,162,142,118,92,63,33,2,-29,-60,-89,-116,-140,-161,-178,-191,-200,-203,-201,-195
,-185,-170,-151,-129,-104,-77,-47,-16,14,43,72,100,125,146,164,179,189,194,194,191,183,171,155,135,112,86,58,29,0,-29,-59,-87
,-113,-135,-155,-171,-183,-190,-193,-191,-185,-175,-161,-143,-121,-96,-69,-41,-12,18,47,75,101,125,146,164,177,187,192,193,189,180,167,151
,131,108,83,55,26,-3,-31,-59,-86,-111,-133,-152,-166,-177,-184,-186,-184,-177,-166,-151,-133,-111,-87,-60,-32,-4,24,52,79,104,126,146
,163,176,184,188,188,184,175,161,144,125,102,76,49,22,-5,-32,-59,-85,-108,-128,-145,-159,-168,-172,-173,-171,-165,-153,-137,-119,-99,-76
,-51,-24,2,28,53,78,102,123,141,156,167,174,177,176,172,163,149,132,112,91,67,42,16,-9,-35,-61,-85,-106,-124,-141,-154,-163
,-167,-167,-165,-158,-147,-131,-113,-93,-71,-46,-21,4,29,54,79,101,120,137,150,160,166,169,169,164,154,141,125,107,86,62,37,12
,-13,-37,-61,-84,-105,-122,-136,-148,-156,-161,-161,-158,-151,-141,-127,-110,-91,-69,-46,-22,2,26,51,74,94,112,128,141,151,156,157,155
,150,142,130,114,96,76,55,32,8,-17,-41,-64,-86,-105,-121,-135,-145,-152,-155,-155,-152,-145,-134,-119,-103,-84,-63,-40,-17,6,29,51
,73,93,111,125,136,143,148,150,148,142,132,120,105,87,67,45,22,0,-22,-44,-66,-86,-104,-119,-132,-142,-148,-150,-149,-146,-140,-129
,-115,-98,-80,-60,-38,-15,8,30,52,73,92,109,124,136,144,149,150,148,142,133,121,106,89,70,49,27,4,-19,-41,-63,-83,-102
,-118,-130,-139,-145,-148,-147,-143,-135,-124,-111,-96,-78,-58,-36,-14,7,28,50,70,88,104,118,130,138,142,143,141,136,127,115,101,84
,65,45,24,3,-19,-40,-59,-78,-95,-110,-121,-130,-136,-139,-137,-132,-126,-117,-103,-85,-69,-52,-30,-5,14,18,9,0,-3,-1,-1,-2
,-3,-2,-2,-3,-4,-3,-2,-2,-2,-2,-2,-2,-2,-1,0,0,0,0,0,1,2,2,2,3,3,3,1,0