,18770
,17990,17724,0,16727,17750,28006,8308,16,0,1,1,16000,0,32000,0,2,16,24932,24948,17688,0,165,251,274,252,236,247,260,254,242,242,251
,253,249,249,254,251,240,232,234,240,244,245,246,244,239,237,241,247,250,251,251,248,240,231,230,237,244,244,240,235,232,231,234
,242,250,256,262,265,262,253,249,254,262,263,258,252,248,246,242,238,236,238,239,237,232,230,235,243,247,241,229,221,220,221,220
,221,228,236,238,234,230,229,232,237,244,248,247,241,233,225,219,217,223,231,234,228,222,225,235,243,243,237,233,230,225,218,214
,218,225,230,229,224,220,220,226,232,232,225,216,212,213,213,212,215,223,233,238,236,231,229,232,236,236,231,225,220,217,217,221
,227,233,234,231,226,223,223,226,227,225,219,214,212,213,213,212,214,222,230,232,227,222,223,228,228,221,213,211,213,214,212,211
,214,222,229,230,226,223,226,231,232,225,216,213,215,216,216,217,222,228,229,226,224,225,227,228,225,219,211,205,203,204,204,203
,206,213,220,224,225,223,221,219,219,219,217,214,214,215,214,212,215,223,230,231,228,227,228,224,214,205,202,204,206,206,205,205
,206,207,210,217,225,230,230,225,216,205,197,196,199,201,199,198,201,209,218,222,220,215,211,210,208,203,200,201,205,209,210,208
,206,210,219,228,232,230,228,231,235,233,225,215,206,195,184,177,177,187,203,218,224,218,207,201,200,198,193,191,196,200,199,197
,203,215,226,231,228,219,210,205,203,200,196,197,206,212,207,198,199,212,223,223,214,205,197,192,191,192,192,192,196,201,198,190
,188,201,218,227,227,224,220,214,211,211,209,202,200,207,213,208,205,216,230,229,213,204,207,209,207,211,220,220,205,192,188,183
,175,183,205,213,197,181,188,197,184,171,183,200,193,176,185,207,205,190,205,236,224,178,170,210,221,178,161,210,238,183,142,204
,268,209,136,228,347,186,-73,392,2115,4386,5598,4656,1872,-1458,-4041,-5091,-4328,-1977,1168,3971,5432,5044,2909,-266,-3311,-5033,-4811,-2844,98,3056,5084,5422
,3823,830,-2389,-4601,-5049,-3659,-956,2143,4589,5511,4521,1913,-1362,-4051,-5141,-4298,-1914,1157,3912,5418,5071,2903,-306,-3312,-4986,-4782,-2860,82,3061,5075,5381,3789
,830,-2381,-4609,-5054,-3644,-948,2116,4547,5486,4511,1900,-1373,-4038,-5112,-4283,-1923,1139,3893,5395,5051,2900,-289,-3290,-4965,-4757,-2837,83,3039,5049,5364,3774,816
,-2380,-4587,-5025,-3626,-943,2113,4531,5457,4481,1883,-1376,-4035,-5105,-4271,-1917,1125,3860,5357,5023,2887,-289,-3282,-4956,-4751,-2832,90,3038,5032,5341,3767,828,-2364
,-4574,-5010,-3605,-928,2110,4515,5443,4476,1886,-1367,-4020,-5087,-4258,-1913,1118,3839,5326,4994,2872,-287,-3270,-4942,-4739,-2825,86,3021,5006,5313,3743,816,-2358,-4559
,-4998,-3601,-925,2113,4508,5418,4445,1870,-1359,-3998,-5065,-4242,-1901,1127,3839,5311,4969,2854,-286,-3249,-4914,-4718,-2817,83,3010,4987,5287,3719,803,-2358,-4550,-4987
,-3596,-933,2092,4482,5394,4424,1852,-1368,-3992,-5049,-4228,-1902,1111,3817,5291,4951,2837,-293,-3238,-4887,-4690,-2803,80,2997,4969,5267,3703,806,-2327,-4500,-4941,-3569
,-928,2081,4461,5369,4401,1838,-1369,-3983,-5038,-4220,-1898,1109,3807,5273,4929,2819,-302,-3236,-4874,-4672,-2790,78,2978,4946,5251,3695,797,-2339,-4506,-4938,-3568,-937
,2066,4450,5366,4402,1842,-1359,-3964,-5015,-4205,-1897,1098,3791,5261,4928,2830,-282,-3212,-4849,-4647,-2768,89,2973,4925,5224,3673,786,-2340,-4500,-4925,-3549,-922,2064
,4428,5335,4381,1836,-1356,-3961,-5011,-4198,-1893,1089,3765,5226,4896,2806,-300,-3225,-4853,-4640,-2757,92,2958,4895,5189,3646,776,-2330,-4477,-4903,-3540,-928,2044,4393
,5286,4331,1823,-1280,-3766,-4728,-3915,-1699,1165,3763,5200,4873,2793,-297,-3204,-4835,-4644,-2769,109,3011,4944,5200,3633,780,-2300,-4448,-4894,-3542,-929,2037,4371,5259
,4316,1808,-1342,-3917,-4961,-4164,-1887,1072,3738,5194,4859,2775,-307,-3203,-4825,-4633,-2776,61,2928,4863,5153,3614,763,-2319,-4448,-4868,-3513,-922,2025,4356,5246,4298
,1791,-1343,-3896,-4931,-4143,-1883,1060,3714,5167,4841,2777,-283,-3162,-4775,-4586,-2746,71,2926,4860,5149,3607,756,-2318,-4440,-4859,-3507,-915,2036,4369,5256,4303,1787
,-1355,-3909,-4933,-4135,-1877,1051,3687,5131,4807,2750,-303,-3173,-4774,-4575,-2737,61,2892,4812,5110,3589,757,-2309,-4425,-4839,-3490,-919,2000,4309,5193,4255,1764,-1353
,-3887,-4903,-4105,-1856,1055,3671,5101,4777,2732,-308,-3170,-4768,-4569,-2734,58,2879,4790,5086,3575,759,-2291,-4399,-4813,-3469,-906,2003,4302,5182,4250,1772,-1336,-3872
,-4892,-4094,-1844,1060,3662,5079,4754,2720,-303,-3155,-4752,-4557,-2726,58,2866,4762,5050,3545,748,-2281,-4379,-4796,-3462,-907,1995,4285,5155,4220,1753,-1336,-3856,-4872
,-4080,-1836,1064,3661,5070,4739,2705,-309,-3148,-4735,-4540,-2720,49,2845,4738,5028,3526,734,-2284,-4368,-4778,-3450,-910,1976,4257,5126,4197,1739,-1338,-3847,-4857,-4070
,-1842,1044,3637,5052,4728,2700,-305,-3129,-4705,-4511,-2704,51,2842,4733,5016,3507,723,-2273,-4334,-4737,-3421,-901,1969,4242,5108,4179,1726,-1338,-3832,-4836,-4056,-1843
,1026,3608,5021,4702,2685,-310,-3126,-4694,-4495,-2688,57,2829,4706,4992,3496,719,-2278,-4339,-4730,-3397,-872,1990,4253,5119,4198,1750,-1314,-3806,-4806,-4028,-1829,1021
,3588,4995,4682,2680,-296,-3100,-4667,-4472,-2672,64,2825,4692,4974,3482,713,-2277,-4334,-4725,-3398,-886,1960,4208,5068,4154,1727,-1313,-3792,-4789,-4012,-1815,1023,3569
,4964,4659,2678,-282,-3080,-4645,-4451,-2658,63,2806,4662,4945,3464,712,-2263,-4314,-4710,-3392,-886,1955,4195,5044,4126,1706,-1322,-3789,-4781,-4005,-1814,1016,3553,4938
,4627,2652,-287,-3060,-4618,-4434,-2656,59,2798,4646,4925,3454,721,-2243,-4297,-4701,-3387,-883,1950,4180,5024,4106,1693,-1321,-3773,-4762,-3997,-1818,1007,3538,4905,4583
,2626,-269,-3011,-4571,-4412,-2654,52,2786,4625,4895,3424,702,-2242,-4277,-4676,-3376,-892,1931,4165,5016,4103,1694,-1310,-3749,-4728,-3965,-1801,1006,3530,4906,4587,2612
,-311,-3058,-4589,-4396,-2633,50,2761,4597,4876,3413,695,-2244,-4271,-4664,-3366,-894,1913,4136,4989,4087,1690,-1307,-3741,-4714,-3947,-1790,1000,3509,4880,4567,2600,-316
,-3054,-4572,-4368,-2607,59,2750,4576,4855,3397,686,-2241,-4256,-4644,-3351,-891,1902,4110,4955,4061,1684,-1297,-3728,-4706,-3944,-1791,990,3485,4846,4535,2582,-318,-3047
,-4566,-4368,-2608,60,2746,4559,4831,3383,695,-2217,-4231,-4625,-3335,-879,1902,4095,4934,4048,1686,-1283,-3708,-4687,-3930,-1785,986,3470,4824,4514,2569,-319,-3039,-4556
,-4360,-2605,56,2734,4539,4805,3358,679,-2217,-4219,-4611,-3327,-877,1902,4088,4911,4010,1651,-1294,-3693,-4656,-3897,-1757,1003,3469,4800,4475,2534,-337,-3039,-4549,-4358
,-2614,38,2711,4513,4778,3334,664,-2219,-4209,-4597,-3319,-882,1883,4060,4880,3981,1627,-1307,-3693,-4652,-3903,-1783,964,3432,4778,4469,2542,-315,-3002,-4503,-4316,-2590
,41,2701,4502,4771,3331,668,-2203,-4181,-4567,-3300,-879,1873,4045,4865,3967,1618,-1308,-3683,-4635,-3887,-1776,957,3412,4749,4436,2512,-329,-2991,-4469,-4273,-2553,61
,2704,4493,4764,3336,685,-2183,-4162,-4546,-3279,-870,1861,4021,4848,3967,1629,-1295,-3666,-4607,-3850,-1742,973,3404,4723,4408,2494,-338,-3003,-4489,-4297,-2576,34,2662
,4438,4709,3295,662,-2191,-4162,-4545,-3282,-878,1848,3999,4815,3934,1612,-1290,-3653,-4600,-3851,-1744,972,3399,4714,4404,2504,-314,-2967,-4447,-4258,-2549,44,2657,4420
,4682,3270,655,-2174,-4133,-4522,-3272,-878,1839,3981,4793,3915,1602,-1291,-3646,-4591,-3846,-1748,960,3384,4696,4382,2485,-319,-2955,-4429,-4247,-2550,35,2644,4402,4661
,3255,654,-2159,-4109,-4499,-3258,-878,1826,3958,4763,3887,1586,-1287,-3628,-4573,-3841,-1759,941,3364,4675,4358,2459,-337,-2959,-4420,-4236,-2548,24,2623,4377,4633,3224
,628,-2168,-4095,-4470,-3234,-872,1816,3943,4754,3883,1587,-1279,-3608,-4543,-3812,-1745,936,3349,4664,4356,2463,-331,-2948,-4402,-4216,-2535,24,2610,4355,4610,3207,619
,-2170,-4090,-4458,-3221,-868,1803,3917,4726,3867,1584,-1274,-3597,-4525,-3791,-1733,926,3318,4628,4331,2455,-326,-2934,-4377,-4178,-2497,43,2602,4332,4590,3197,617,-2167
,-4082,-4447,-3209,-860,1803,3904,4702,3842,1570,-1273,-3588,-4517,-3788,-1735,916,3295,4594,4297,2435,-328,-2924,-4367,-4179,-2508,31,2594,4324,4577,3186,620,-2146,-4055
,-4430,-3206,-849,1866,4059,4941,4098,1762,-1176,-3553,-4498,-3771,-1728,910,3280,4567,4260,2413,-301,-2850,-4291,-4139,-2501,27,2585,4301,4543,3161,614,-2141,-4048,-4418
,-3189,-855,1788,3873,4668,3818,1568,-1244,-3532,-4455,-3745,-1720,911,3272,4550,4242,2395,-329,-2889,-4318,-4135,-2481,31,2564,4273,4525,3149,604,-2142,-4034,-4401,-3186
,-868,1768,3852,4645,3793,1545,-1261,-3542,-4456,-3740,-1719,898,3249,4530,4232,2392,-328,-2881,-4300,-4114,-2466,35,2558,4261,4509,3136,603,-2125,-4001,-4364,-3162,-868
,1747,3823,4621,3781,1547,-1247,-3520,-4433,-3724,-1715,887,3226,4502,4206,2371,-343,-2885,-4291,-4095,-2449,38,2544,4237,4487,3124,601,-2122,-3996,-4354,-3146,-854,1744
,3801,4595,3769,1551,-1237,-3510,-4419,-3704,-1698,890,3213,4480,4186,2360,-344,-2882,-4288,-4092,-2445,40,2534,4210,4453,3098,591,-2119,-3985,-4342,-3138,-856,1730,3775
,4559,3732,1530,-1231,-3483,-4390,-3686,-1690,892,3207,4465,4171,2358,-330,-2861,-4269,-4077,-2430,53,2538,4201,4435,3083,589,-2108,-3969,-4328,-3129,-852,1725,3756,4530
,3705,1517,-1226,-3466,-4372,-3675,-1692,877,3183,4437,4145,2341,-332,-2849,-4254,-4073,-2440,40,2535,4212,4454,3107,622,-2063,-3922,-4296,-3122,-866,1700,3725,4494,3670
,1494,-1227,-3447,-4344,-3652,-1682,870,3162,4409,4116,2317,-345,-2843,-4232,-4048,-2433,21,2498,4170,4412,3062,577,-2095,-3928,-4277,-3093,-844,1710,3730,4500,3674,1493
,-1228,-3434,-4315,-3619,-1663,870,3152,4402,4116,2322,-337,-2833,-4219,-4035,-2422,24,2492,4162,4417,3089,619,-2053,-3894,-4250,-3073,-836,1701,3707,4473,3654,1484,-1229
,-3430,-4302,-3594,-1631,894,3153,4381,4088,2301,-346,-2832,-4208,-4013,-2398,34,2476,4121,4364,3038,580,-2075,-3903,-4253,-3076,-842,1689,3684,4441,3624,1471,-1222,-3416
,-4297,-3602,-1648,871,3124,4347,4059,2289,-337,-2805,-4175,-3989,-2391,26,2459,4099,4340,3023,585,-2051,-3873,-4228,-3058,-830,1689,3670,4420,3612,1476,-1203,-3393,-4278
,-3591,-1643,870,3115,4328,4034,2270,-339,-2793,-4160,-3977,-2384,27,2449,4076,4309,2995,573,-2043,-3849,-4202,-3042,-830,1679,3654,4401,3590,1458,-1207,-3378,-4252,-3569
,-1633,872,3115,4326,4027,2260,-343,-2783,-4140,-3961,-2381,17,2431,4055,4287,2974,557,-2047,-3839,-4184,-3030,-834,1658,3626,4372,3565,1441,-1211,-3369,-4236,-3557,-1636
,852,3083,4294,4007,2258,-331,-2765,-4122,-3946,-2373,17,2428,4056,4296,2990,580,-2013,-3793,-4134,-2987,-807,1668,3620,4356,3545,1426,-1212,-3350,-4199,-3515,-1606,859
,3073,4280,3998,2255,-327,-2752,-4102,-3927,-2364,10,2405,4022,4262,2965,565,-2023,-3801,-4135,-2980,-801,1661,3602,4340,3543,1437,-1197,-3338,-4194,-3517,-1616,841,3046
,4248,3969,2240,-324,-2739,-4090,-3922,-2366,-1,2379,3980,4212,2923,540,-2033,-3805,-4140,-2989,-812,1646,3578,4306,3509,1417,-1197,-3325,-4178,-3504,-1609,836,3025,4212
,3931,2214,-329,-2724,-4062,-3890,-2337,20,2390,3980,4207,2921,549,-2015,-3786,-4128,-2984,-813,1640,3565,4286,3486,1399,-1201,-3313,-4158,-3488,-1604,831,3013,4194,3908
,2196,-331,-2704,-4030,-3863,-2329,10,2373,3965,4195,2912,549,-1997,-3752,-4095,-2970,-820,1624,3550,4272,3472,1391,-1198,-3299,-4141,-3474,-1598,826,2995,4170,3887,2179
,-344,-2710,-4023,-3847,-2317,7,2352,3936,4168,2891,535,-2000,-3741,-4074,-2951,-814,1614,3533,4262,3473,1396,-1192,-3286,-4114,-3443,-1581,823,2984,4163,3883,2175,-345
,-2701,-4003,-3824,-2300,11,2342,3916,4146,2878,534,-1994,-3734,-4067,-2947,-820,1591,3497,4224,3447,1391,-1180,-3268,-4098,-3430,-1570,825,2970,4134,3855,2163,-341,-2690
,-3990,-3805,-2278,23,2334,3890,4117,2858,529,-1985,-3716,-4047,-2931,-814,1583,3473,4191,3418,1376,-1179,-3258,-4087,-3424,-1572,814,2947,4103,3823,2140,-348,-2685,-3983
,-3806,-2285,15,2326,3878,4100,2846,533,-1964,-3687,-4021,-2913,-803,1586,3466,4176,3402,1370,-1167,-3230,-4056,-3400,-1558,822,2953,4108,3832,2157,-322,-2656,-3961,-3799
,-2297,-14,2287,3839,4067,2821,518,-1963,-3669,-3996,-2895,-801,1575,3446,4150,3375,1353,-1165,-3211,-4031,-3382,-1554,810,2929,4074,3791,2116,-351,-2661,-3943,-3773,-2278
,-6,2288,3835,4060,2814,518,-1956,-3659,-3988,-2891,-803,1563,3425,4126,3352,1331,-1186,-3223,-4026,-3364,-1536,818,2927,4073,3799,2135,-323,-2628,-3908,-3738,-2249,7
,2280,3815,4044,2812,528,-1937,-3630,-3949,-2854,-782,1567,3421,4121,3349,1327,-1188,-3219,-4018,-3359,-1543,793,2884,4017,3742,2089,-352,-2641,-3907,-3730,-2245,-1,2260
,3787,4017,2795,529,-1922,-3614,-3942,-2855,-790,1547,3387,4087,3333,1338,-1161,-3191,-3993,-3336,-1524,801,2878,4001,3724,2078,-349,-2625,-3887,-3714,-2237,-3,2243,3756
,3982,2770,519,-1919,-3604,-3931,-2851,-797,1528,3361,4055,3299,1313,-1166,-3176,-3972,-3327,-1529,809,2942,4156,3959,2330,-159,-2528,-3855,-3700,-2222,7,2243,3748,3961
,2738,503,-1885,-3522,-3850,-2816,-806,1509,3348,4037,3271,1291,-1166,-3162,-3962,-3322,-1523,794,2856,3964,3688,2063,-336,-2588,-3839,-3672,-2218,-13,2212,3713,3931,2723
,501,-1890,-3538,-3862,-2809,-792,1505,3320,4006,3256,1288,-1163,-3149,-3938,-3300,-1522,775,2835,3951,3676,2046,-353,-2597,-3837,-3664,-2209,-10,2203,3694,3910,2707,488
,-1901,-3543,-3855,-2792,-777,1506,3308,3992,3250,1293,-1151,-3134,-3918,-3276,-1502,782,2829,3943,3677,2055,-344,-2588,-3825,-3649,-2201,-18,2182,3670,3892,2697,485,-1898
,-3533,-3839,-2776,-770,1497,3284,3962,3225,1284,-1143,-3114,-3896,-3261,-1498,772,2801,3901,3638,2039,-331,-2560,-3797,-3624,-2175,3,2185,3651,3866,2682,487,-1885,-3517
,-3825,-2766,-764,1497,3275,3943,3204,1271,-1142,-3103,-3885,-3254,-1496,766,2783,3870,3602,2014,-334,-2543,-3774,-3612,-2179,-9,2172,3638,3850,2668,488,-1865,-3488,-3803
,-2756,-761,1498,3270,3931,3190,1268,-1128,-3078,-3862,-3242,-1494,764,2780,3866,3595,2006,-335,-2532,-3755,-3594,-2173,-18,2151,3611,3821,2643,474,-1864,-3474,-3785,-2745
,-764,1484,3254,3917,3180,1259,-1131,-3069,-3840,-3218,-1481,761,2768,3851,3577,1985,-349,-2526,-3728,-3562,-2153,-17,2139,3592,3799,2622,461,-1860,-3451,-3749,-2710,-742
,1487,3244,3905,3173,1260,-1123,-3056,-3825,-3208,-1482,745,2741,3823,3563,1993,-325,-2497,-3700,-3534,-2130,-11,2121,3559,3770,2609,461,-1854,-3442,-3738,-2705,-754,1454
,3197,3858,3137,1241,-1127,-3050,-3815,-3197,-1477,740,2722,3794,3532,1966,-345,-2510,-3706,-3532,-2121,1,2129,3558,3763,2604,464,-1842,-3426,-3723,-2694,-751,1448,3182
,3842,3131,1251,-1103,-3020,-3787,-3177,-1467,736,2704,3768,3508,1953,-344,-2498,-3690,-3520,-2117,-4,2115,3535,3733,2575,449,-1840,-3414,-3713,-2692,-755,1436,3157,3803
,3089,1224,-1104,-2998,-3757,-3154,-1458,734,2696,3757,3496,1946,-336,-2474,-3660,-3499,-2110,-4,2115,3532,3720,2556,437,-1834,-3390,-3681,-2660,-728,1454,3165,3801,3083
,1223,-1090,-2969,-3722,-3128,-1449,726,2676,3729,3468,1929,-333,-2450,-3624,-3464,-2089,-4,2099,3515,3715,2565,455,-1810,-3362,-3656,-2650,-741,1427,3137,3779,3065,1206
,-1103,-2970,-3711,-3113,-1444,714,2651,3703,3451,1923,-333,-2448,-3621,-3462,-2094,-20,2072,3484,3690,2549,444,-1818,-3364,-3647,-2631,-720,1437,3134,3770,3059,1205,-1100
,-2962,-3693,-3086,-1421,721,2642,3690,3444,1923,-327,-2435,-3599,-3436,-2074,-17,2055,3454,3661,2534,449,-1799,-3342,-3631,-2626,-731,1411,3097,3733,3033,1197,-1092,-2945
,-3676,-3072,-1407,731,2638,3665,3409,1901,-324,-2414,-3575,-3414,-2051,4,2062,3440,3635,2516,451,-1780,-3318,-3612,-2618,-731,1403,3081,3709,3009,1185,-1088,-2934,-3669
,-3073,-1413,721,2620,3640,3382,1881,-333,-2411,-3564,-3403,-2051,-9,2042,3421,3618,2501,445,-1768,-3290,-3583,-2600,-726,1400,3071,3693,2993,1181,-1072,-2903,-3638,-3057
,-1417,706,2606,3628,3369,1869,-335,-2397,-3541,-3385,-2045,-14,2029,3400,3589,2470,424,-1770,-3274,-3559,-2582,-724,1388,3053,3678,2982,1173,-1075,-2895,-3616,-3031,-1403
,699,2587,3615,3368,1875,-325,-2378,-3511,-3353,-2023,-7,2025,3390,3579,2465,425,-1765,-3266,-3544,-2561,-708,1385,3031,3651,2963,1165,-1072,-2883,-3602,-3027,-1413,682
,2569,3594,3348,1873,-294,-2325,-3467,-3340,-2039,-38,1986,3346,3537,2438,417,-1760,-3252,-3521,-2533,-690,1380,3004,3614,2931,1144,-1082,-2882,-3590,-3007,-1398,674,2534
,3549,3315,1854,-315,-2354,-3487,-3335,-2018,-26,1978,3328,3524,2433,419,-1751,-3240,-3515,-2534,-691,1381,2999,3599,2919,1151,-1058,-2857,-3574,-2995,-1386,676,2514,3510
,3278,1840,-298,-2317,-3448,-3308,-2006,-28,1963,3300,3488,2402,405,-1745,-3223,-3500,-2530,-698,1368,2983,3579,2894,1128,-1067,-2847,-3553,-2978,-1380,677,2514,3507,3264
,1819,-314,-2317,-3434,-3291,-1995,-21,1968,3301,3482,2393,403,-1737,-3210,-3491,-2528,-700,1368,2987,3584,2895,1125,-1070,-2845,-3547,-2974,-1384,664,2497,3488,3245,1803
,-319,-2305,-3408,-3262,-1976,-22,1947,3273,3462,2387,408,-1722,-3181,-3452,-2498,-698,1340,2947,3550,2875,1118,-1063,-2825,-3520,-2951,-1373,659,2476,3456,3214,1782,-329
,-2307,-3402,-3248,-1963,-22,1930,3245,3432,2362,393,-1723,-3171,-3439,-2490,-697,1331,2927,3526,2859,1118,-1051,-2807,-3497,-2926,-1354,663,2467,3447,3214,1789,-321,-2298
,-3388,-3230,-1946,-15,1921,3221,3406,2348,393,-1718,-3167,-3431,-2475,-687,1322,2899,3492,2834,1111,-1039,-2782,-3474,-2914,-1354,657,2453,3421,3181,1769,-315,-2274,-3365
,-3215,-1935,-5,1925,3215,3391,2332,389,-1704,-3141,-3410,-2469,-693,1312,2883,3467,2807,1096,-1032,-2761,-3454,-2902,-1351,648,2432,3392,3155,1751,-322,-2269,-3349,-3201
,-1940,-32,1904,3254,3534,2568,646,-1509,-3042,-3378,-2460,-686,1315,2881,3464,2803,1099,-998,-2672,-3324,-2789,-1304,636,2400,3365,3127,1718,-345,-2269,-3338,-3197,-1943
,-33,1890,3176,3350,2301,383,-1679,-3095,-3364,-2445,-700,1281,2847,3441,2795,1102,-1002,-2704,-3379,-2833,-1311,655,2417,3370,3133,1735,-323,-2248,-3311,-3162,-1914,-25
,1882,3168,3351,2304,381,-1684,-3101,-3370,-2451,-704,1277,2836,3418,2766,1074,-1028,-2728,-3398,-2845,-1321,635,2382,3326,3094,1713,-325,-2233,-3286,-3135,-1895,-24,1858
,3127,3312,2285,387,-1661,-3065,-3324,-2402,-670,1281,2813,3386,2741,1062,-1028,-2718,-3382,-2827,-1307,641,2375,3305,3066,1691,-330,-2221,-3267,-3118,-1885,-24,1847,3105
,3283,2261,380,-1647,-3041,-3306,-2398,-676,1271,2799,3368,2727,1065,-1006,-2690,-3361,-2819,-1308,634,2363,3289,3050,1680,-333,-2216,-3257,-3108,-1880,-27,1832,3077,3250
,2234,369,-1641,-3025,-3289,-2390,-682,1253,2774,3339,2697,1041,-1013,-2677,-3339,-2804,-1306,629,2357,3282,3041,1674,-327,-2195,-3227,-3081,-1863,-20,1835,3076,3241,2218
,356,-1638,-3005,-3264,-2372,-678,1244,2756,3320,2685,1038,-1009,-2668,-3327,-2794,-1307,612,2329,3257,3027,1669,-327,-2187,-3206,-3053,-1844,-22,1814,3050,3219,2203,348
,-1633,-2983,-3229,-2340,-663,1237,2736,3299,2670,1032,-1005,-2652,-3303,-2772,-1300,601,2307,3232,3006,1658,-326,-2179,-3198,-3047,-1842,-28,1795,3022,3196,2191,344,-1638
,-2986,-3224,-2328,-655,1232,2719,3280,2660,1036,-988,-2627,-3274,-2742,-1274,610,2293,3207,2991,1664,-305,-2156,-3180,-3032,-1829,-22,1788,3003,3173,2176,343,-1626,-2970
,-3211,-2322,-656,1223,2701,3259,2644,1032,-980,-2611,-3257,-2731,-1274,601,2278,3185,2962,1640,-308,-2135,-3148,-3005,-1810,-8,1794,2993,3151,2159,344,-1610,-2952,-3201
,-2318,-655,1221,2690,3236,2616,1011,-984,-2600,-3240,-2717,-1268,594,2257,3154,2929,1610,-329,-2140,-3137,-2988,-1802,-15,1780,2987,3158,2177,371,-1572,-2907,-3161,-2296
,-653,1211,2679,3226,2608,1011,-967,-2566,-3201,-2688,-1254,599,2256,3147,2918,1603,-324,-2121,-3110,-2967,-1796,-25,1759,2960,3128,2149,353,-1574,-2893,-3136,-2271,-640
,1204,2656,3203,2598,1017,-952,-2545,-3174,-2659,-1233,602,2244,3131,2908,1602,-321,-2116,-3100,-2949,-1776,-16,1750,2935,3097,2121,333,-1584,-2893,-3132,-2271,-650,1183
,2627,3172,2570,994,-968,-2554,-3178,-2662,-1242,583,2216,3101,2883,1586,-324,-2105,-3079,-2924,-1755,-6,1744,2918,3082,2119,346,-1563,-2869,-3106,-2244,-630,1186,2610
,3143,2546,990,-952,-2529,-3155,-2645,-1232,583,2202,3075,2857,1573,-321,-2096,-3073,-2924,-1758,-11,1736,2903,3060,2099,339,-1552,-2849,-3089,-2237,-631,1179,2596,3123
,2531,992,-928,-2494,-3124,-2628,-1228,579,2191,3057,2837,1561,-316,-2075,-3049,-2909,-1757,-20,1720,2881,3036,2079,328,-1552,-2839,-3074,-2227,-637,1156,2566,3096,2506
,969,-940,-2481,-3088,-2590,-1209,577,2180,3048,2832,1560,-311,-2060,-3027,-2891,-1750,-24,1714,2878,3033,2072,323,-1545,-2819,-3054,-2219,-640,1149,2556,3081,2489,958
,-941,-2475,-3081,-2584,-1206,571,2161,3019,2805,1545,-310,-2045,-3002,-2863,-1732,-26,1691,2849,3014,2068,328,-1535,-2799,-3020,-2180,-616,1146,2531,3047,2458,934,-956
,-2480,-3075,-2573,-1201,560,2133,2983,2771,1520,-325,-2052,-3003,-2860,-1730,-32,1671,2814,2973,2036,317,-1530,-2793,-3025,-2194,-629,1135,2517,3032,2453,948,-927,-2449
,-3049,-2550,-1180,571,2127,2965,2757,1521,-310,-2031,-2980,-2837,-1711,-26,1659,2790,2951,2027,323,-1515,-2775,-3007,-2178,-622,1127,2494,3001,2428,940,-918,-2429,-3030
,-2538,-1176,570,2120,2948,2731,1498,-314,-2011,-2951,-2815,-1699,-16,1668,2786,2927,1998,313,-1497,-2744,-2983,-2170,-626,1117,2480,2985,2411,926,-922,-2422,-3018,-2533
,-1184,553,2102,2931,2712,1481,-322,-2007,-2939,-2804,-1696,-26,1646,2762,2911,1991,312,-1489,-2721,-2950,-2145,-621,1108,2468,2971,2392,910,-915,-2383,-2961,-2482,-1152
,567,2107,2934,2718,1491,-306,-1982,-2905,-2771,-1678,-28,1630,2739,2887,1973,307,-1475,-2692,-2916,-2115,-606,1100,2438,2935,2367,900,-922,-2393,-2969,-2484,-1159,543
,2069,2899,2698,1482,-311,-1983,-2900,-2763,-1675,-35,1614,2721,2872,1962,299,-1484,-2700,-2918,-2111,-603,1093,2422,2919,2359,903,-908,-2373,-2949,-2471,-1155,535,2044
,2859,2658,1464,-301,-1958,-2876,-2744,-1660,-27,1610,2706,2858,1959,308,-1466,-2679,-2897,-2091,-584,1106,2421,2900,2332,886,-905,-2352,-2919,-2438,-1127,549,2038,2835
,2627,1441,-306,-1947,-2859,-2733,-1661,-39,1591,2685,2841,1958,332,-1421,-2628,-2857,-2071,-581,1103,2419,2900,2335,893,-892,-2337,-2911,-2445,-1145,531,2024,2821,2608
,1422,-309,-1929,-2831,-2710,-1651,-42,1578,2664,2812,1922,295,-1451,-2647,-2867,-2082,-606,1060,2385,2930,2472,1124,-640,-2143,-2800,-2388,-1105,561,2038,2821,2603,1413
,-325,-1930,-2786,-2624,-1570,-7,1572,2651,2808,1918,287,-1448,-2624,-2841,-2073,-610,1059,2372,2852,2291,868,-887,-2303,-2862,-2399,-1121,521,1987,2778,2577,1406,-314
,-1913,-2785,-2646,-1599,-24,1561,2629,2778,1902,297,-1424,-2598,-2810,-2037,-587,1049,2339,2827,2288,874,-884,-2299,-2850,-2384,-1114,517,1972,2754,2550,1387,-318,-1908
,-2778,-2639,-1591,-24,1543,2595,2744,1880,288,-1422,-2589,-2800,-2032,-589,1042,2324,2802,2265,871,-862,-2268,-2824,-2364,-1097,525,1966,2739,2541,1394,-299,-1886,-2759
,-2625,-1585,-26,1535,2581,2725,1866,288,-1410,-2573,-2785,-2020,-587,1026,2293,2767,2236,853,-866,-2253,-2798,-2343,-1091,521,1957,2723,2518,1375,-301,-1872,-2741,-2613
,-1576,-17,1542,2582,2717,1853,282,-1397,-2546,-2763,-2014,-590,1022,2284,2747,2213,842,-861,-2241,-2783,-2327,-1083,507,1928,2697,2500,1358,-315,-1869,-2722,-2600,-1585
,-41,1513,2548,2684,1842,304,-1359,-2508,-2718,-1959,-547,1034,2280,2754,2222,837,-862,-2207,-2731,-2304,-1091,509,1947,2699,2481,1362,-272,-1833,-2720,-2591,-1546,-22
,1478,2517,2711,1869,260,-1414,-2471,-2652,-2013,-678,1030,2382,2614,1708,529,-33,82,304,267,128,129,216,215,143,129,176,182,140,133,175,191,159
,148,191,228,208,170,164,177,175,166,173,183,173,155,154,162,156,145,152,170,168,142,120,115,114,105,96,93,92,87,84,84,82
,78,81,88,86,72,60,58,58,55,57,61,53,41,58,121,193,225,215,203,210,220,216,209,211,219,221,221,226,233,231,223,219
,222,227,233,239,241,237,232,231,236,240,242,245,249,247,239,232,233,239,244,247,246,240,233,230,234,241,248,257,267,270,264,256
,254,260,266,267,263,256,250,249,251,251,246,240,240,243,242,238,238,244,249,247,235,222,214,214,219,227,234,238,237,234,230,227
,227,232,240,246,244,237,231,232,241,252,259,259,253,241,227,217,216,224,233,237,235,230,226,227,235,243,243,235,228,227,226,222
,219,223,233,239,237,231,228,230,236,243,249,251,247,240,230,219,211,213,224,233,231,224,225,235,245,247,243,238,233,227,221,218
,219,224,232,236,232,225,222,226,232,232,227,220,215,213,212,212,213,219,228,235,234,228,226,232,239,238,231,224,222,222,221,220
,223,230,235,234,229,223,221,223,226,226,221,215,213,214,214,212,212,219,228,231,227,223,224,227,227,222,215,211,210,211,211,210
,211,217,227,232,229,224,223,228,231,229,223,218,216,215,216,220,225,228,228,227,227,228,228,227,225,221,214,207,204,205,205,204
,206,214,223,227,225,223,222,222,220,217,214,211,211,213,215,214,214,220,230,236,234,229,227,227,221,210,202,201,204,206,205,204
,205,208,213,219,225,229,231,228,220,210,202,198,198,198,199,200,203,208,216,223,224,220,215,212,208,204,200,200,206,211,211,206
,203,205,214,226,233,231,226,226,231,232,226,216,207,199,188,177,172,179,195,213,223,220,210,202,198,196,192,191,195,201,203,200
,201,210,224,234,233,224,213,206,204,201,196,196,204,211,208,198,197,207,217,220,214,207,200,193,191,193,194,192,193,199,199,192
,187,197,214,224,225,225,224,217,210,208,211,208,202,204,211,212,207,211,224,230,219,206,205,209,208,208,215,218,209,197,191,185
,177,179,200,215,203,183,185,198,191,174,179,201,202,180,177,199,207,193,198,230,235,191,165,198,228,194,154,186,239,211,148,174
,257,241,146,177,326,278,-18,103,1414,3663,5408,5222,2933,-376,-3322,-4937,-4781,-2899,102,3149,5140,5386,3784,844,-2388,-4660,-5105,-3653,-933,2128,4565,5526
,4552,1914,-1375,-4033,-5110,-4304,-1956,1127,3908,5414,5062,2914,-275,-3295,-4994,-4783,-2833,118,3089,5100,5406,3794,805,-2413,-4626,-5063,-3657,-954,2130,4569,5497,4511
,1904,-1364,-4038,-5122,-4294,-1935,1118,3866,5377,5046,2901,-289,-3291,-4966,-4760,-2835,101,3071,5079,5381,3781,816,-2390,-4603,-5036,-3627,-941,2114,4538,5474,4499,1892
,-1371,-4027,-5098,-4274,-1928,1116,3854,5350,5014,2880,-293,-3286,-4959,-4751,-2829,93,3044,5045,5354,3766,810,-2388,-4597,-5032,-3625,-936,2118,4531,5456,4486,1898,-1353
,-4009,-5081,-4254,-1909,1120,3841,5334,5007,2884,-284,-3272,-4942,-4732,-2815,94,3027,5014,5322,3747,809,-2377,-4583,-5019,-3617,-939,2101,4504,5425,4458,1880,-1354,-3996
,-5066,-4246,-1907,1122,3838,5315,4976,2859,-287,-3256,-4920,-4715,-2802,105,3031,5002,5295,3721,803,-2359,-4553,-4994,-3606,-941,2088,4482,5399,4435,1866,-1358,-3991,-5056
,-4240,-1912,1105,3815,5293,4956,2840,-300,-3256,-4906,-4699,-2799,92,3011,4984,5282,3710,796,-2353,-4531,-4966,-3586,-935,2085,4472,5379,4410,1855,-1337,-3942,-5003,-4205
,-1901,1098,3798,5270,4932,2823,-303,-3246,-4892,-4689,-2795,91,3004,4969,5259,3685,778,-2359,-4523,-4948,-3568,-929,2073,4450,5362,4402,1849,-1347,-3951,-5004,-4200,-1902
,1086,3781,5259,4930,2826,-297,-3235,-4876,-4673,-2787,85,2987,4952,5254,3696,800,-2334,-4499,-4923,-3543,-914,2069,4427,5331,4376,1834,-1351,-3947,-4993,-4184,-1887,1089
,3768,5233,4902,2810,-297,-3225,-4864,-4664,-2782,81,2968,4918,5216,3665,778,-2347,-4502,-4915,-3531,-909,2059,4404,5302,4350,1821,-1346,-3926,-4968,-4167,-1887,1073,3736
,5188,4853,2782,-258,-3076,-4608,-4370,-2550,196,2986,4896,5192,3650,777,-2331,-4482,-4915,-3547,-904,2105,4461,5326,4341,1815,-1327,-3901,-4959,-4172,-1890,1069,3717,5158
,4832,2772,-297,-3195,-4819,-4624,-2767,68,2941,4888,5180,3628,760,-2334,-4473,-4902,-3546,-937,2032,4374,5263,4312,1799,-1345,-3907,-4939,-4139,-1872,1064,3704,5147,4818
,2754,-304,-3179,-4787,-4597,-2757,61,2921,4861,5159,3625,779,-2297,-4426,-4853,-3507,-919,2033,4371,5263,4311,1796,-1345,-3898,-4925,-4128,-1865,1071,3714,5157,4823,2752
,-312,-3189,-4792,-4593,-2751,55,2897,4826,5126,3600,759,-2312,-4431,-4845,-3496,-923,2004,4326,5221,4284,1784,-1345,-3889,-4909,-4111,-1862,1048,3663,5091,4765,2718,-319
,-3176,-4769,-4565,-2726,68,2890,4801,5094,3574,746,-2314,-4426,-4839,-3490,-919,1999,4306,5192,4264,1786,-1324,-3861,-4882,-4087,-1843,1055,3657,5080,4760,2723,-309,-3165
,-4756,-4551,-2713,75,2885,4784,5070,3555,743,-2300,-4406,-4822,-3482,-922,1984,4280,5159,4232,1767,-1323,-3844,-4861,-4075,-1843,1048,3643,5056,4730,2702,-309,-3148,-4736
,-4536,-2702,83,2887,4775,5054,3540,736,-2297,-4392,-4805,-3471,-923,1971,4259,5132,4205,1747,-1328,-3835,-4847,-4064,-1841,1037,3619,5026,4703,2684,-315,-3141,-4721,-4524
,-2704,65,2862,4753,5037,3529,736,-2281,-4364,-4777,-3454,-920,1966,4252,5124,4194,1738,-1325,-3810,-4806,-4028,-1825,1034,3607,5011,4685,2666,-323,-3132,-4699,-4502,-2696
,55,2838,4727,5017,3516,728,-2284,-4358,-4761,-3437,-912,1957,4229,5100,4178,1730,-1331,-3815,-4801,-4006,-1794,1058,3620,5022,4704,2692,-297,-3108,-4672,-4474,-2677,54
,2818,4697,4990,3503,734,-2261,-4329,-4735,-3417,-900,1959,4219,5082,4162,1723,-1329,-3810,-4799,-4011,-1808,1033,3581,4971,4653,2659,-303,-3093,-4653,-4458,-2664,62,2811
,4672,4963,3495,750,-2235,-4304,-4713,-3397,-891,1948,4189,5047,4137,1716,-1320,-3792,-4782,-3999,-1802,1032,3570,4949,4626,2636,-316,-3096,-4649,-4452,-2662,56,2795,4647
,4931,3464,733,-2228,-4283,-4695,-3393,-895,1942,4179,5031,4123,1715,-1305,-3771,-4765,-3992,-1804,1024,3558,4934,4607,2617,-322,-3083,-4625,-4436,-2660,50,2785,4623,4891
,3431,738,-2184,-4230,-4664,-3388,-903,1929,4158,5000,4090,1691,-1313,-3763,-4748,-3979,-1805,1010,3541,4922,4602,2618,-314,-3065,-4598,-4406,-2637,58,2782,4621,4893,3422
,702,-2232,-4256,-4652,-3361,-894,1911,4130,4978,4074,1680,-1315,-3753,-4731,-3964,-1799,1001,3516,4890,4578,2610,-311,-3058,-4585,-4386,-2621,55,2757,4590,4872,3412,698
,-2231,-4242,-4625,-3332,-879,1907,4113,4958,4060,1675,-1311,-3741,-4715,-3949,-1794,990,3491,4859,4553,2600,-308,-3049,-4579,-4384,-2622,50,2743,4563,4840,3389,692,-2227
,-4240,-4629,-3334,-875,1910,4104,4937,4041,1672,-1295,-3716,-4691,-3932,-1783,993,3483,4843,4538,2597,-295,-3025,-4554,-4366,-2614,47,2730,4542,4814,3367,683,-2220,-4226
,-4618,-3332,-881,1897,4083,4908,4011,1652,-1299,-3707,-4677,-3919,-1774,997,3477,4820,4500,2558,-315,-3017,-4524,-4330,-2582,70,2736,4525,4778,3328,657,-2229,-4225,-4617
,-3336,-892,1877,4057,4881,3988,1636,-1305,-3702,-4665,-3909,-1776,980,3449,4788,4469,2533,-329,-3020,-4523,-4335,-2602,36,2698,4497,4768,3335,677,-2195,-4178,-4569,-3306
,-887,1868,4049,4876,3981,1631,-1297,-3675,-4631,-3883,-1765,978,3439,4774,4456,2523,-333,-3014,-4505,-4312,-2587,34,2680,4469,4735,3303,657,-2194,-4154,-4529,-3264,-856
,1879,4043,4868,3985,1647,-1277,-3656,-4611,-3864,-1757,968,3416,4753,4447,2525,-325,-3001,-4485,-4283,-2556,54,2680,4449,4709,3284,647,-2203,-4168,-4548,-3286,-885,1838
,3988,4810,3937,1620,-1285,-3655,-4611,-3869,-1764,960,3402,4727,4414,2502,-329,-2991,-4474,-4280,-2557,53,2676,4440,4699,3285,666,-2169,-4129,-4512,-3255,-864,1843,3975
,4783,3911,1607,-1278,-3634,-4587,-3851,-1756,955,3384,4701,4389,2486,-332,-2983,-4461,-4269,-2556,43,2661,4423,4679,3262,650,-2166,-4108,-4491,-3250,-874,1828,3958,4762
,3888,1597,-1266,-3606,-4558,-3832,-1752,945,3363,4675,4365,2471,-333,-2971,-4444,-4260,-2561,28,2642,4402,4656,3241,637,-2168,-4103,-4483,-3245,-879,1809,3931,4735,3863
,1572,-1285,-3604,-4533,-3802,-1737,942,3353,4667,4359,2466,-332,-2956,-4416,-4230,-2542,29,2630,4390,4651,3239,636,-2164,-4090,-4465,-3232,-876,1802,3916,4714,3842,1558
,-1290,-3602,-4525,-3791,-1731,932,3326,4635,4337,2458,-328,-2945,-4399,-4210,-2529,24,2606,4355,4620,3224,637,-2151,-4065,-4427,-3189,-846,1805,3897,4691,3828,1553,-1290
,-3597,-4514,-3776,-1718,936,3317,4613,4310,2441,-329,-2937,-4392,-4206,-2526,22,2587,4319,4583,3203,635,-2144,-4059,-4428,-3198,-861,1789,3882,4677,3818,1555,-1271,-3569
,-4493,-3771,-1717,974,3438,4830,4572,2662,-202,-2887,-4370,-4186,-2514,18,2574,4299,4549,3169,640,-2081,-3972,-4370,-3185,-868,1784,3872,4651,3787,1540,-1267,-3559,-4481
,-3754,-1709,928,3291,4579,4284,2436,-305,-2884,-4327,-4155,-2504,19,2568,4283,4531,3154,617,-2121,-4013,-4383,-3169,-854,1771,3842,4628,3775,1529,-1274,-3551,-4462,-3743
,-1717,908,3269,4555,4255,2404,-332,-2900,-4330,-4148,-2497,14,2549,4262,4517,3147,614,-2118,-3997,-4357,-3145,-842,1769,3831,4612,3761,1526,-1261,-3522,-4428,-3719,-1712
,893,3243,4530,4240,2404,-319,-2880,-4310,-4134,-2493,7,2532,4237,4489,3123,597,-2125,-3993,-4342,-3126,-833,1760,3806,4586,3746,1522,-1260,-3519,-4419,-3701,-1695,896
,3226,4505,4224,2403,-313,-2872,-4298,-4116,-2475,12,2520,4215,4469,3109,591,-2123,-3986,-4335,-3123,-834,1754,3789,4556,3713,1502,-1260,-3508,-4408,-3695,-1694,888,3205
,4472,4188,2380,-311,-2847,-4264,-4087,-2458,19,2518,4203,4451,3100,600,-2101,-3963,-4319,-3109,-819,1763,3786,4542,3698,1495,-1257,-3496,-4390,-3677,-1683,888,3190,4444
,4155,2354,-320,-2842,-4253,-4078,-2454,14,2499,4174,4422,3081,595,-2094,-3950,-4310,-3113,-834,1751,3787,4555,3717,1523,-1215,-3447,-4353,-3666,-1696,862,3159,4410,4122
,2330,-326,-2824,-4220,-4047,-2442,4,2478,4151,4398,3056,578,-2092,-3930,-4285,-3099,-838,1729,3750,4507,3667,1478,-1248,-3461,-4345,-3641,-1669,878,3164,4411,4124,2331
,-324,-2815,-4197,-4017,-2419,11,2471,4140,4393,3060,586,-2085,-3924,-4276,-3090,-837,1718,3737,4511,3693,1517,-1209,-3426,-4312,-3614,-1655,874,3145,4385,4100,2316,-329
,-2813,-4189,-3997,-2387,43,2484,4128,4366,3034,570,-2089,-3915,-4256,-3066,-822,1712,3707,4464,3644,1479,-1230,-3436,-4319,-3621,-1662,864,3127,4358,4071,2297,-332,-2803
,-4177,-3996,-2401,17,2452,4093,4334,3013,571,-2065,-3881,-4229,-3054,-823,1701,3687,4437,3620,1472,-1217,-3409,-4288,-3593,-1642,870,3116,4337,4056,2301,-311,-2778,-4159
,-3985,-2392,22,2446,4074,4310,2997,569,-2055,-3865,-4212,-3042,-821,1691,3666,4408,3589,1449,-1220,-3391,-4263,-3578,-1644,858,3101,4319,4031,2273,-325,-2767,-4130,-3959
,-2383,20,2445,4075,4303,2981,557,-2052,-3850,-4198,-3037,-826,1678,3645,4384,3568,1437,-1222,-3382,-4246,-3561,-1638,847,3077,4290,4005,2256,-331,-2761,-4116,-3945,-2379
,5,2414,4040,4280,2976,565,-2037,-3831,-4177,-3021,-822,1672,3642,4390,3583,1456,-1194,-3340,-4194,-3513,-1607,858,3074,4279,3988,2238,-341,-2753,-4089,-3907,-2345,25
,2418,4033,4269,2968,565,-2026,-3812,-4158,-3010,-824,1657,3614,4357,3555,1441,-1201,-3349,-4204,-3515,-1600,862,3061,4256,3976,2248,-319,-2737,-4084,-3908,-2349,12,2390
,3996,4237,2953,567,-2015,-3799,-4148,-3007,-833,1632,3576,4312,3512,1408,-1219,-3353,-4202,-3517,-1609,846,3039,4226,3941,2217,-332,-2727,-4061,-3887,-2339,10,2376,3967
,4199,2920,554,-2005,-3774,-4119,-2979,-809,1648,3578,4303,3504,1411,-1205,-3334,-4186,-3508,-1607,842,3032,4214,3922,2196,-345,-2724,-4047,-3874,-2335,6,2366,3952,4178
,2897,543,-1994,-3744,-4086,-2962,-812,1633,3564,4290,3491,1404,-1194,-3304,-4151,-3488,-1611,824,3011,4196,3908,2189,-342,-2712,-4028,-3853,-2319,6,2348,3926,4155,2881
,531,-2000,-3739,-4070,-2947,-810,1618,3536,4261,3468,1390,-1199,-3299,-4138,-3471,-1600,819,2992,4176,3900,2192,-335,-2701,-4007,-3825,-2298,10,2341,3919,4151,2876,525
,-2001,-3728,-4050,-2926,-801,1610,3514,4237,3452,1387,-1192,-3288,-4126,-3463,-1600,806,2965,4142,3871,2179,-328,-2681,-3986,-3809,-2287,16,2332,3892,4118,2857,528,-1985
,-3710,-4032,-2906,-784,1611,3496,4209,3429,1377,-1187,-3271,-4103,-3442,-1589,803,2947,4112,3839,2159,-330,-2670,-3974,-3802,-2287,8,2315,3865,4086,2831,517,-1980,-3701
,-4030,-2913,-792,1606,3488,4191,3408,1369,-1175,-3247,-4080,-3425,-1577,809,2943,4098,3820,2147,-325,-2647,-3941,-3773,-2270,15,2318,3868,4092,2843,538,-1953,-3676,-4018
,-2921,-819,1568,3448,4158,3384,1354,-1177,-3234,-4056,-3404,-1570,801,2927,4078,3798,2125,-336,-2640,-3919,-3751,-2261,7,2298,3840,4056,2803,505,-1966,-3666,-3995,-2898
,-806,1570,3445,4152,3378,1351,-1175,-3226,-4047,-3398,-1572,788,2904,4050,3772,2105,-352,-2652,-3923,-3741,-2242,22,2300,3834,4056,2817,529,-1938,-3634,-3957,-2861,-784
,1570,3430,4139,3374,1355,-1162,-3199,-4005,-3352,-1537,804,2905,4045,3767,2101,-355,-2652,-3917,-3732,-2242,4,2261,3781,4000,2767,493,-1955,-3634,-3949,-2857,-792,1549
,3400,4106,3352,1354,-1147,-3184,-4000,-3355,-1545,787,2873,4008,3743,2102,-335,-2625,-3890,-3708,-2220,18,2262,3768,3980,2753,494,-1942,-3617,-3934,-2845,-787,1539,3371
,4070,3323,1340,-1147,-3174,-3986,-3346,-1547,774,2852,3980,3710,2074,-344,-2612,-3867,-3693,-2222,13,2296,3887,4194,3009,708,-1819,-3570,-3917,-2832,-777,1543,3369,4054
,3289,1312,-1130,-3102,-3901,-3298,-1547,754,2835,3962,3683,2048,-352,-2602,-3856,-3687,-2216,9,2240,3732,3942,2730,498,-1910,-3568,-3885,-2815,-784,1518,3334,4020,3272
,1311,-1133,-3118,-3916,-3294,-1531,756,2813,3932,3665,2044,-349,-2592,-3835,-3664,-2208,-2,2222,3719,3931,2714,478,-1923,-3569,-3879,-2810,-786,1508,3317,4002,3255,1294
,-1149,-3127,-3911,-3278,-1514,763,2807,3919,3654,2041,-343,-2578,-3814,-3639,-2186,8,2216,3708,3929,2723,490,-1916,-3562,-3867,-2798,-784,1495,3294,3979,3241,1291,-1143
,-3115,-3896,-3263,-1505,759,2787,3889,3627,2029,-338,-2562,-3796,-3624,-2178,4,2195,3670,3886,2696,492,-1891,-3533,-3842,-2774,-761,1505,3281,3951,3218,1287,-1132,-3101
,-3884,-3253,-1497,763,2783,3874,3605,2009,-345,-2553,-3779,-3610,-2173,0,2182,3645,3851,2665,480,-1880,-3511,-3827,-2775,-775,1488,3268,3938,3204,1280,-1121,-3073,-3857
,-3239,-1494,764,2782,3866,3591,2002,-334,-2529,-3757,-3600,-2171,0,2183,3644,3847,2658,477,-1873,-3492,-3805,-2762,-777,1472,3243,3909,3177,1263,-1122,-3060,-3838,-3225
,-1492,753,2764,3847,3575,1989,-341,-2523,-3734,-3569,-2150,1,2167,3623,3826,2637,460,-1873,-3471,-3773,-2738,-770,1466,3228,3888,3153,1245,-1126,-3046,-3807,-3187,-1462
,762,2754,3833,3568,1990,-337,-2516,-3723,-3560,-2149,-10,2147,3599,3807,2634,476,-1847,-3441,-3742,-2708,-753,1457,3198,3857,3137,1243,-1121,-3039,-3799,-3183,-1472,733
,2710,3785,3529,1969,-340,-2507,-3710,-3546,-2139,-9,2134,3574,3778,2608,455,-1861,-3449,-3743,-2703,-745,1463,3197,3849,3129,1244,-1108,-3018,-3779,-3168,-1465,730,2696
,3767,3518,1973,-321,-2481,-3684,-3525,-2127,-10,2118,3548,3751,2590,452,-1853,-3436,-3732,-2698,-747,1453,3179,3823,3101,1223,-1114,-3009,-3764,-3158,-1464,722,2679,3737
,3480,1942,-328,-2462,-3652,-3497,-2111,-6,2114,3538,3738,2582,457,-1831,-3407,-3709,-2688,-744,1456,3177,3810,3078,1205,-1115,-2993,-3737,-3127,-1434,744,2687,3733,3471
,1937,-323,-2443,-3623,-3469,-2097,-11,2093,3509,3709,2560,451,-1814,-3369,-3665,-2656,-739,1439,3157,3803,3086,1219,-1098,-2969,-3710,-3112,-1443,718,2660,3713,3453,1917
,-339,-2446,-3612,-3454,-2090,-18,2073,3484,3690,2552,450,-1815,-3372,-3667,-2659,-748,1417,3126,3773,3065,1209,-1101,-2970,-3706,-3098,-1420,736,2662,3701,3441,1913,-338
,-2442,-3599,-3428,-2061,-3,2069,3470,3677,2545,449,-1807,-3352,-3639,-2634,-739,1406,3099,3743,3046,1207,-1090,-2953,-3689,-3086,-1421,717,2628,3665,3415,1902,-334,-2430
,-3586,-3417,-2050,6,2066,3449,3645,2522,450,-1788,-3328,-3618,-2613,-718,1417,3091,3719,3023,1202,-1074,-2927,-3667,-3076,-1422,707,2610,3639,3388,1887,-331,-2414,-3570
,-3409,-2051,-2,2053,3429,3621,2498,435,-1787,-3314,-3602,-2608,-728,1399,3071,3699,3004,1191,-1067,-2900,-3633,-3051,-1411,710,2608,3629,3372,1876,-324,-2390,-3543,-3394
,-2051,-10,2043,3416,3604,2482,429,-1779,-3297,-3586,-2600,-728,1392,3056,3675,2975,1167,-1076,-2891,-3613,-3031,-1404,699,2586,3609,3360,1867,-333,-2388,-3521,-3360,-2029
,-13,2025,3405,3605,2488,436,-1763,-3268,-3551,-2572,-713,1393,3047,3663,2968,1166,-1074,-2888,-3601,-3009,-1384,700,2567,3584,3341,1858,-332,-2377,-3506,-3355,-2040,-32
,2006,3383,3579,2473,454,-1714,-3217,-3529,-2584,-746,1352,3003,3621,2937,1153,-1072,-2876,-3582,-2985,-1363,706,2550,3550,3305,1833,-343,-2378,-3498,-3336,-2018,-29,1977
,3334,3539,2453,438,-1741,-3244,-3533,-2564,-726,1353,2987,3602,2924,1149,-1066,-2862,-3570,-2981,-1363,709,2550,3537,3285,1826,-329,-2355,-3482,-3326,-2007,-20,1968,3303
,3501,2433,447,-1709,-3204,-3500,-2546,-724,1340,2964,3574,2898,1133,-1067,-2850,-3556,-2975,-1368,697,2536,3521,3265,1804,-341,-2347,-3458,-3302,-1993,-15,1970,3301,3488
,2410,427,-1713,-3192,-3484,-2535,-717,1347,2968,3570,2887,1126,-1061,-2836,-3544,-2971,-1369,698,2541,3526,3264,1798,-346,-2345,-3449,-3294,-1995,-28,1951,3281,3470,2394
,418,-1709,-3172,-3452,-2507,-711,1326,2934,3542,2874,1124,-1052,-2810,-3502,-2932,-1355,678,2501,3486,3239,1790,-340,-2331,-3430,-3272,-1977,-24,1937,3255,3443,2373,403
,-1717,-3169,-3438,-2490,-703,1318,2912,3513,2848,1109,-1055,-2806,-3497,-2927,-1353,671,2480,3460,3221,1787,-331,-2315,-3408,-3248,-1959,-20,1928,3241,3434,2373,411,-1704
,-3155,-3423,-2474,-691,1315,2891,3486,2831,1107,-1049,-2799,-3488,-2916,-1346,664,2457,3427,3189,1769,-328,-2294,-3383,-3232,-1952,-18,1923,3223,3405,2349,406,-1690,-3133
,-3403,-2460,-680,1325,2894,3473,2806,1089,-1044,-2775,-3464,-2904,-1345,661,2448,3406,3162,1750,-330,-2281,-3364,-3215,-1946,-27,1900,3192,3373,2323,394,-1685,-3116,-3389
,-2461,-701,1301,2909,3581,3021,1356,-817,-2642,-3413,-2890,-1338,662,2443,3403,3162,1752,-307,-2207,-3241,-3092,-1878,-23,1875,3167,3348,2291,364,-1697,-3111,-3384,-2464
,-706,1289,2854,3434,2778,1082,-1025,-2733,-3412,-2865,-1338,635,2409,3376,3148,1752,-306,-2228,-3289,-3141,-1897,-11,1892,3173,3352,2305,386,-1674,-3085,-3350,-2430,-688
,1288,2844,3427,2773,1076,-1032,-2740,-3420,-2873,-1343,633,2401,3355,3116,1718,-335,-2253,-3310,-3157,-1910,-30,1859,3129,3310,2279,381,-1663,-3064,-3324,-2408,-681,1270
,2807,3388,2751,1076,-1016,-2712,-3379,-2825,-1305,644,2385,3326,3092,1706,-336,-2245,-3295,-3138,-1892,-20,1857,3113,3285,2255,371,-1654,-3044,-3306,-2399,-681,1263,2788
,3358,2721,1064,-1003,-2686,-3358,-2816,-1304,641,2375,3308,3075,1705,-317,-2217,-3272,-3126,-1888,-20,1852,3102,3270,2243,365,-1652,-3035,-3293,-2388,-679,1251,2766,3330
,2694,1045,-1007,-2674,-3340,-2805,-1307,625,2352,3283,3049,1682,-330,-2213,-3255,-3108,-1881,-26,1839,3089,3259,2235,366,-1634,-3002,-3258,-2365,-670,1252,2763,3322,2680
,1033,-1007,-2656,-3312,-2783,-1302,613,2331,3260,3029,1668,-332,-2201,-3234,-3091,-1879,-41,1814,3063,3240,2224,361,-1633,-2991,-3236,-2340,-658,1243,2739,3296,2662,1023
,-1006,-2642,-3284,-2750,-1280,616,2316,3239,3012,1660,-330,-2189,-3215,-3071,-1867,-43,1797,3038,3216,2209,359,-1626,-2982,-3230,-2339,-664,1227,2713,3269,2643,1014,-1011
,-2645,-3281,-2739,-1268,617,2303,3220,2999,1661,-317,-2169,-3191,-3044,-1841,-29,1790,3015,3196,2208,374,-1605,-2963,-3213,-2325,-658,1220,2694,3247,2626,1008,-1006,-2631
,-3265,-2729,-1267,608,2286,3197,2977,1649,-313,-2152,-3170,-3028,-1835,-33,1778,2996,3171,2185,368,-1589,-2933,-3183,-2301,-639,1233,2694,3231,2607,1003,-993,-2611,-3251
,-2722,-1262,612,2282,3181,2952,1626,-322,-2145,-3155,-3016,-1831,-38,1763,2968,3133,2150,347,-1593,-2924,-3168,-2290,-639,1222,2684,3232,2620,1027,-956,-2564,-3206,-2694
,-1257,603,2270,3168,2940,1621,-314,-2120,-3117,-2976,-1802,-25,1763,2962,3126,2142,344,-1585,-2905,-3148,-2281,-647,1204,2660,3204,2592,1005,-966,-2559,-3186,-2667,-1237
,603,2250,3144,2929,1626,-297,-2098,-3092,-2951,-1781,-16,1758,2949,3115,2138,346,-1578,-2891,-3125,-2255,-629,1200,2635,3170,2561,982,-980,-2564,-3185,-2667,-1245,584
,2222,3112,2896,1598,-318,-2109,-3095,-2950,-1785,-32,1731,2917,3086,2119,340,-1571,-2874,-3105,-2237,-619,1199,2621,3150,2549,990,-955,-2533,-3157,-2641,-1221,597,2215
,3086,2869,1587,-307,-2087,-3075,-2937,-1778,-30,1722,2896,3059,2098,333,-1564,-2862,-3097,-2236,-623,1191,2609,3133,2530,978,-951,-2515,-3135,-2628,-1220,591,2204,3069
,2850,1580,-292,-2053,-3038,-2913,-1769,-32,1712,2877,3036,2082,334,-1549,-2843,-3083,-2231,-626,1180,2590,3110,2510,965,-956,-2511,-3123,-2615,-1219,574,2175,3039,2823
,1556,-307,-2047,-3009,-2875,-1744,-27,1704,2869,3032,2082,339,-1534,-2819,-3060,-2220,-630,1171,2586,3108,2504,956,-955,-2495,-3102,-2602,-1217,569,2167,3027,2808,1542
,-314,-2047,-3002,-2864,-1735,-30,1685,2839,3001,2059,329,-1529,-2800,-3033,-2198,-625,1154,2556,3083,2496,964,-941,-2476,-3073,-2566,-1190,572,2145,2994,2776,1517,-332
,-2054,-2997,-2852,-1726,-33,1666,2807,2967,2033,315,-1535,-2802,-3032,-2194,-626,1139,2524,3044,2462,944,-946,-2474,-3074,-2574,-1201,562,2136,2984,2772,1527,-306,-2024
,-2972,-2832,-1706,-18,1667,2792,2949,2027,326,-1512,-2776,-3008,-2177,-619,1133,2504,3016,2442,943,-929,-2452,-3055,-2558,-1189,561,2113,2947,2738,1511,-303,-2007,-2951
,-2814,-1698,-19,1660,2779,2927,2003,314,-1503,-2751,-2984,-2161,-607,1144,2507,3002,2417,927,-923,-2426,-3025,-2541,-1191,547,2099,2933,2722,1493,-314,-2003,-2936,-2803
,-1702,-35,1640,2760,2907,1984,304,-1498,-2735,-2967,-2153,-615,1121,2480,2983,2406,920,-922,-2409,-2994,-2512,-1177,545,2088,2918,2704,1480,-309,-1973,-2888,-2754,-1664
,-13,1651,2766,2914,1993,315,-1482,-2710,-2936,-2129,-607,1113,2462,2961,2386,911,-913,-2382,-2959,-2479,-1157,544,2064,2883,2673,1461,-319,-1979,-2891,-2755,-1672,-38
,1609,2722,2884,1979,311,-1482,-2707,-2929,-2123,-610,1098,2442,2943,2373,898,-928,-2395,-2964,-2477,-1155,539,2052,2868,2662,1459,-310,-1964,-2874,-2740,-1662,-39,1592
,2690,2847,1956,312,-1460,-2678,-2906,-2107,-598,1104,2435,2927,2362,904,-908,-2373,-2947,-2460,-1135,557,2056,2853,2637,1438,-315,-1948,-2843,-2703,-1630,-20,1594,2674
,2819,1927,297,-1455,-2660,-2889,-2103,-611,1080,2409,2907,2356,919,-870,-2321,-2899,-2433,-1129,553,2053,2854,2639,1444,-303,-1934,-2836,-2710,-1647,-37,1579,2655,2796
,1909,294,-1442,-2636,-2864,-2086,-607,1071,2390,2880,2322,883,-901,-2343,-2912,-2442,-1145,521,2017,2858,2738,1651,-44,-1711,-2698,-2641,-1605,-3,1599,2660,2793,1900
,274,-1456,-2613,-2791,-2001,-559,1072,2376,2877,2325,881,-899,-2323,-2882,-2425,-1148,513,2005,2804,2592,1412,-307,-1908,-2791,-2663,-1616,-37,1548,2612,2760,1885,281
,-1436,-2602,-2806,-2029,-577,1063,2355,2838,2292,876,-883,-2301,-2855,-2390,-1119,514,1977,2772,2579,1414,-303,-1904,-2779,-2644,-1600,-33,1540,2593,2735,1865,275,-1431
,-2595,-2800,-2022,-574,1053,2330,2809,2270,866,-880,-2291,-2846,-2386,-1118,513,1968,2751,2554,1405,-288,-1877,-2756,-2625,-1581,-19,1539,2581,2724,1865,287,-1412,-2574
,-2784,-2015,-574,1049,2320,2790,2252,861,-871,-2276,-2831,-2372,-1111,501,1938,2715,2525,1385,-297,-1867,-2730,-2601,-1574,-23,1533,2569,2701,1840,278,-1399,-2553,-2767
,-2002,-561,1058,2321,2784,2241,852,-867,-2255,-2803,-2355,-1110,498,1934,2702,2501,1366,-298,-1855,-2714,-2586,-1566,-34,1503,2537,2679,1823,260,-1407,-2540,-2749,-2004
,-586,1026,2288,2754,2226,864,-834,-2217,-2761,-2303,-1062,517,1928,2700,2509,1366,-301,-1832,-2665,-2551,-1564,-34,1522,2547,2663,1818,300,-1357,-2527,-2750,-1975,-555
,1007,2248,2761,2260,841,-898,-2213,-2691,-2314,-1191,457,2028,2684,2095,888,64,0,252,306,167,111,190,229,167,125,163,192,156,127,159,192,170
,143,173,222,221,180,161,176,183,173,174,188,186,167,161,175,181,168,164,184,198,179,149,140,144,138,123,118,124,126,120,119,123
,126,129,139,149,141,119,105,109,117,115,112,119,128,129,124,123,126,128,130,132,128,115,102,101,107,108,107,110,116,116,111,115
,130,144,149,155,167,174,169,164,168,174,171,164,165,171,168,161,166,178,178,165,161,173,177,163,157,179,203,196,177,190,223,205
,110