,18770
,17990,8880,0,16727,17750,28006,8308,16,0,1,1,8000,0,16000,0,2,16,24932,24948,8844,0,164,275,235,261,241,252,248,255,239,235,243
,247,238,242,249,252,239,231,243,241,231,235,249,263,261,250,261,258,248,242,236,239,232,235,247,229,220,220,228,238,230,232,244
,247,233,219,223,234,222,235,243,233,225,214,225,229,220,226,232,216,213,212,223,238,231,232,236,225,217,221,233,231,223,226,225
,214,213,212,222,232,222,228,221,211,214,211,222,230,223,231,225,213,216,217,228,226,225,228,219,205,204,203,213,224,223,219,219
,214,215,212,223,231,227,224,205,204,206,205,207,217,230,225,205,196,201,198,209,222,215,210,203,201,209,208,209,229,229,232,232
,216,194,178,186,220,216,203,196,193,198,199,213,233,217,207,198,199,210,200,210,225,203,194,190,194,199,191,200,228,223,215,211
,202,207,208,216,228,205,208,212,218,194,181,185,211,184,194,174,197,179,204,194,232,182,206,182,206,187,200,213,224,189,389,4389
,4653,-1455,-5094,-1975,3969,5046,-268,-5031,-2845,3057,5421,831,-4601,-3659,2143,5511,1914,-4052,-4297,1156,5419,2901,-3310,-4784,84,5073,3791,-2383,-5052,-950,4549,4509
,-1371,-5114,-1921,3891,5053,-291,-4963,-2839,3041,5362,818,-4588,-3625,2112,5458,1882,-4034,-4272,1126,5357,2887,-3282,-4751,90,5032,3767,-2364,-5010,-928,4515,4476,-1367
,-5087,-1913,3839,4994,-287,-4942,-2825,3021,5313,816,-4559,-3601,2113,5418,1870,-3998,-4242,1126,5312,2853,-3248,-4719,84,4986,3720,-2359,-4986,-934,4483,4423,-1367,-5050
,-1901,3816,4952,-294,-4886,-2804,2998,5266,807,-4501,-3569,2081,5369,1838,-3983,-4220,1109,5273,2819,-3236,-4672,78,4946,3695,-2339,-4938,-937,4450,4402,-1359,-5015,-1897
,3791,4928,-282,-4849,-2768,2973,5224,786,-4500,-3549,2064,5335,1836,-3961,-4198,1089,5226,2806,-3225,-4640,92,4895,3646,-2330,-4903,-928,4393,4331,-1280,-4728,-1699,3763
,4873,-297,-4835,-2769,3011,5200,780,-4448,-3542,2037,5259,1808,-3917,-4164,1072,5194,2775,-3203,-4633,61,4863,3614,-2319,-4868,-922,4356,4298,-1343,-4931,-1883,3714,4841
,-283,-4775,-2746,2926,5149,756,-4440,-3507,2036,5256,1787,-3909,-4135,1050,5132,2749,-3172,-4576,62,4811,3590,-2310,-4838,-920,4310,4254,-1352,-4904,-1855,3670,4778,-308
,-4768,-2734,2879,5086,759,-4399,-3469,2003,5182,1772,-3872,-4094,1060,5079,2720,-3155,-4557,58,4762,3545,-2281,-4796,-907,4285,4220,-1336,-4872,-1836,3661,4739,-309,-4735
,-2720,2845,5028,734,-4368,-3450,1976,5126,1739,-3847,-4070,1044,5052,2700,-3129,-4512,52,4732,3508,-2274,-4736,-902,4243,4178,-1337,-4837,-1842,3607,4703,-311,-4693,-2689
,2830,4991,720,-4340,-3396,1989,5120,1749,-3805,-4029,1022,4994,2681,-3101,-4472,64,4692,3482,-2277,-4725,-886,4208,4154,-1313,-4789,-1815,3569,4659,-282,-4645,-2658,2806
,4945,712,-4314,-3392,1955,5044,1706,-3789,-4005,1016,4938,2652,-3061,-4434,58,4647,3454,-2243,-4701,-883,4180,4106,-1321,-4762,-1818,3538,4583,-269,-4571,-2654,2786,4895
,702,-4277,-3376,1931,5016,1694,-3749,-3965,1006,4906,2612,-3058,-4396,50,4597,3413,-2244,-4664,-894,4136,4087,-1307,-4714,-1790,3509,4567,-316,-4572,-2607,2750,4855,686
,-4256,-3351,1902,4955,1684,-3728,-3944,990,4846,2582,-3047,-4368,60,4559,3383,-2217,-4625,-879,4095,4048,-1283,-4687,-1785,3470,4514,-319,-4556,-2605,2734,4805,679,-4219
,-3327,1902,4911,1651,-3693,-3897,1003,4800,2534,-3039,-4358,38,4513,3334,-2219,-4597,-882,4060,3981,-1307,-4652,-1783,3432,4469,-315,-4503,-2590,2701,4771,668,-4181,-3300
,1873,4865,1618,-3683,-3887,957,4749,2512,-2991,-4273,61,4493,3336,-2183,-4546,-870,4021,3967,-1295,-4607,-1742,3404,4408,-338,-4489,-2576,2662,4709,662,-4162,-3282,1848
,4815,1612,-3653,-3851,972,4714,2504,-2967,-4258,44,4420,3270,-2174,-4522,-878,3981,3915,-1291,-4591,-1748,3384,4382,-319,-4429,-2550,2644,4661,654,-4109,-3258,1826,4763
,1586,-3628,-3841,941,4675,2459,-2959,-4236,24,4377,3224,-2168,-4470,-872,3943,3884,-1280,-4542,-1746,3350,4355,-330,-4403,-2534,2609,4611,618,-4089,-3222,1804,4726,1584
,-3597,-3791,926,4628,2455,-2934,-4178,43,4332,3197,-2167,-4447,-860,3904,3842,-1273,-4517,-1735,3295,4297,-328,-4367,-2508,2594,4577,620,-4055,-3206,1866,4941,1762,-3553
,-3771,910,4567,2413,-2850,-4139,27,4301,3161,-2141,-4418,-855,3873,3818,-1244,-4455,-1720,3272,4242,-329,-4318,-2481,2564,4525,604,-4034,-3186,1768,4645,1545,-3542,-3740
,898,4530,2392,-2881,-4114,35,4261,3136,-2125,-4364,-868,3823,3781,-1247,-4433,-1715,3226,4206,-343,-4291,-2449,2544,4487,601,-3996,-3146,1744,4595,1551,-3510,-3704,890
,4480,2360,-2882,-4092,40,4210,3098,-2119,-4342,-856,3775,3732,-1231,-4390,-1690,3207,4171,-330,-4269,-2430,2538,4435,589,-3969,-3129,1725,4530,1517,-3466,-3675,877,4437
,2341,-2849,-4073,40,4212,3107,-2063,-4296,-866,3725,3670,-1227,-4344,-1682,3162,4116,-345,-4232,-2433,2498,4412,577,-3928,-3093,1710,4500,1493,-3434,-3619,870,4402,2322
,-2833,-4035,24,4162,3089,-2053,-4250,-836,3707,3654,-1229,-4302,-1631,3153,4088,-346,-4208,-2398,2476,4364,580,-3903,-3076,1689,4441,1471,-3416,-3602,871,4347,2289,-2805
,-3989,26,4099,3023,-2051,-4228,-830,3670,3612,-1203,-4278,-1643,3115,4034,-339,-4160,-2384,2449,4309,573,-3849,-3042,1679,4401,1458,-3378,-3569,872,4326,2260,-2783,-3961
,17,4055,2974,-2047,-4184,-834,3626,3565,-1211,-4236,-1636,3083,4007,-331,-4122,-2373,2428,4296,580,-3793,-2987,1668,4356,1426,-3350,-3515,859,4280,2255,-2752,-3927,10
,4022,2965,-2023,-4135,-801,3602,3543,-1197,-4194,-1616,3046,3969,-324,-4090,-2366,2379,4212,540,-3805,-2989,1646,4306,1417,-3325,-3504,836,4212,2214,-2724,-3890,20,3980
,2921,-2015,-4128,-813,3565,3486,-1201,-4158,-1604,3013,3908,-331,-4030,-2329,2373,4195,549,-3752,-2970,1624,4272,1391,-3299,-3474,826,4170,2179,-2710,-3847,6,3937,2890
,-1999,-4075,-813,3532,3474,-1193,-4113,-1582,2985,3882,-344,-4004,-2299,2341,4147,533,-3733,-2948,1592,4223,1391,-3268,-3430,825,4134,2163,-2690,-3805,23,3890,2858,-1985
,-4047,-814,3473,3418,-1179,-4087,-1572,2947,3823,-348,-3983,-2285,2326,4100,533,-3687,-2913,1586,4176,1370,-3230,-3400,822,4108,2157,-2656,-3799,-14,3839,2821,-1963,-3996
,-801,3446,3375,-1165,-4031,-1554,2929,3791,-351,-3943,-2278,2288,4060,518,-3659,-2891,1563,4126,1331,-3223,-3364,818,4073,2135,-2628,-3738,7,3815,2812,-1937,-3949,-782
,3421,3348,-1187,-4019,-1542,2883,3743,-353,-3906,-2246,2261,4016,530,-3615,-2854,1546,4088,1337,-3190,-3337,802,4000,2079,-2626,-3713,-4,3757,2769,-1918,-3932,-796,3360
,3300,-1167,-3972,-1529,2942,3959,-159,-3855,-2222,2243,3961,503,-3522,-2816,1509,4037,1291,-3162,-3322,794,3964,2063,-2588,-3672,-13,3713,2723,-1890,-3862,-792,3320,3256
,-1163,-3938,-1522,2835,3676,-353,-3837,-2209,2203,3910,488,-3543,-2792,1506,3992,1293,-3134,-3276,782,3943,2055,-2588,-3649,-18,3670,2697,-1898,-3839,-770,3284,3225,-1143
,-3896,-1498,2801,3638,-331,-3797,-2175,2185,3866,487,-3517,-2766,1497,3943,1271,-3103,-3254,766,3870,2014,-2543,-3612,-9,3638,2668,-1865,-3803,-761,3270,3190,-1128,-3862
,-1494,2780,3595,-335,-3755,-2173,2151,3821,474,-3474,-2745,1484,3917,1259,-3069,-3218,761,3851,1985,-2526,-3562,-17,3592,2622,-1860,-3749,-742,3244,3173,-1123,-3825,-1482
,2741,3563,-325,-3700,-2130,2121,3770,461,-3442,-2705,1454,3858,1241,-3050,-3197,740,3794,1966,-2510,-3532,1,3558,2604,-1842,-3723,-751,3182,3131,-1103,-3787,-1467,2704
,3508,-344,-3690,-2117,2115,3733,449,-3414,-2692,1436,3803,1224,-2998,-3154,734,3757,1946,-2474,-3499,-4,3532,2556,-1834,-3681,-728,3165,3083,-1090,-3722,-1449,2676,3468
,-333,-3624,-2089,2099,3715,455,-3362,-2650,1427,3779,1206,-2970,-3113,714,3703,1923,-2448,-3462,-20,3484,2549,-1818,-3647,-720,3134,3059,-1100,-3693,-1421,2642,3444,-327
,-3599,-2074,2055,3661,449,-3342,-2626,1411,3733,1197,-2945,-3072,731,3665,1901,-2414,-3414,4,3440,2516,-1780,-3612,-731,3081,3009,-1088,-3669,-1413,2620,3382,-333,-3564
,-2051,2042,3618,445,-3290,-2600,1400,3693,1181,-2903,-3057,706,3628,1869,-2397,-3385,-14,3400,2470,-1770,-3559,-724,3053,2982,-1075,-3616,-1403,2587,3368,-325,-3511,-2023
,2025,3579,425,-3266,-2561,1385,3651,1165,-2883,-3027,682,3594,1873,-2325,-3340,-38,3346,2438,-1760,-3521,-690,3004,2931,-1082,-3590,-1398,2534,3315,-315,-3487,-2018,1978
,3524,419,-3240,-2534,1381,3599,1151,-2857,-2995,676,3510,1840,-2317,-3308,-28,3300,2402,-1745,-3500,-698,2983,2894,-1067,-3553,-1380,2514,3264,-314,-3434,-1995,1968,3482
,403,-3210,-2528,1368,3584,1125,-2845,-2974,664,3488,1803,-2305,-3262,-22,3273,2387,-1722,-3452,-698,2947,2875,-1063,-3520,-1373,2476,3214,-329,-3402,-1963,1930,3432,393
,-3171,-2490,1331,3526,1118,-2807,-2925,662,3448,1788,-2297,-3231,-14,3220,2349,-1719,-3430,-688,2900,2833,-1038,-3475,-1353,2452,3182,-316,-3364,-1936,1926,3390,390,-3142
,-2468,1311,3468,1096,-2761,-2902,648,3392,1751,-2269,-3201,-32,3254,2568,-1509,-3378,-686,2881,2803,-998,-3324,-1304,2400,3127,-345,-3338,-1943,1890,3350,383,-3095,-2445
,1281,3441,1102,-2704,-2833,655,3370,1735,-2248,-3162,-25,3168,2304,-1684,-3370,-704,2836,2766,-1028,-3398,-1321,2382,3094,-325,-3286,-1895,1858,3312,387,-3065,-2402,1281
,3386,1062,-2718,-2827,641,3305,1691,-2221,-3118,-24,3105,2261,-1647,-3306,-676,2799,2727,-1006,-3361,-1308,2363,3050,-333,-3257,-1880,1832,3250,369,-3025,-2390,1253,3339
,1041,-2677,-2804,629,3282,1674,-2195,-3081,-20,3076,2218,-1638,-3264,-678,2756,2685,-1009,-3327,-1307,2329,3027,-327,-3206,-1844,1814,3219,348,-2983,-2340,1237,3299,1032
,-2652,-2772,601,3232,1658,-2179,-3047,-28,3022,2191,-1638,-3224,-655,2719,2660,-988,-3274,-1274,2293,2991,-305,-3180,-1829,1788,3173,343,-2970,-2322,1223,3259,1032,-2611
,-2731,601,3185,1640,-2135,-3005,-8,2993,2159,-1610,-3201,-655,2690,2616,-984,-3240,-1268,2257,2929,-329,-3137,-1802,1780,3158,371,-2907,-2296,1211,3226,1011,-2566,-2688
,599,3147,1603,-2121,-2967,-25,2960,2149,-1574,-3136,-640,2656,2598,-952,-3174,-1233,2244,2908,-321,-3100,-1776,1750,3097,333,-2893,-2271,1183,3172,994,-2554,-2662,583
,3101,1586,-2105,-2924,-6,2918,2119,-1563,-3106,-630,2610,2546,-952,-3155,-1232,2202,2857,-321,-3073,-1758,1736,3060,339,-2849,-2237,1179,3123,992,-2494,-2628,579,3057
,1561,-2075,-2909,-20,2881,2079,-1552,-3074,-637,2566,2506,-940,-3088,-1209,2180,2832,-311,-3027,-1750,1714,3033,323,-2819,-2219,1149,3081,958,-2475,-2584,571,3019,1545
,-2045,-2863,-26,2849,2068,-1535,-3020,-616,2531,2458,-956,-3075,-1201,2133,2771,-325,-3003,-1730,1671,2973,317,-2793,-2194,1135,3032,948,-2449,-2550,571,2965,1521,-2031
,-2837,-26,2790,2027,-1515,-3007,-622,2494,2428,-918,-3030,-1176,2120,2731,-314,-2951,-1699,1668,2927,313,-2744,-2170,1117,2985,926,-2422,-2533,553,2931,1481,-2007,-2804
,-26,2762,1991,-1489,-2950,-621,2468,2392,-915,-2961,-1152,2107,2718,-306,-2905,-1678,1630,2887,307,-2692,-2115,1100,2935,900,-2393,-2484,543,2899,1482,-1983,-2763,-35
,2721,1962,-1484,-2918,-603,2422,2359,-908,-2949,-1155,2044,2658,-301,-2876,-1660,1610,2858,308,-2679,-2091,1106,2900,886,-2352,-2438,549,2835,1441,-1947,-2733,-39,2685
,1958,-1421,-2857,-581,2419,2335,-892,-2911,-1145,2024,2608,-310,-2830,-1652,1579,2811,296,-2648,-2081,1059,2931,1123,-2142,-2389,562,2820,1414,-1931,-2623,-8,2652,1917
,-1447,-2842,-609,2371,2292,-888,-2861,-1122,1988,2576,-313,-2786,-1598,1561,2778,297,-2598,-2037,1049,2827,874,-2299,-2384,517,2754,1387,-1908,-2638,-25,2596,1879,-1421
,-2801,-588,2323,2266,-863,-2823,-1098,1967,2540,-298,-2760,-1584,1534,2726,287,-2572,-2021,1027,2767,853,-2253,-2343,521,2723,1375,-1872,-2612,-18,2583,1852,-1396,-2764
,-589,2282,2215,-863,-2781,-1085,1930,2498,-313,-2724,-1583,1511,2686,302,-2506,-1961,1036,2752,839,-2209,-2302,507,2701,1361,-1832,-2592,-21,2516,1870,-1414,-2652,-678
,2382,1708,-34,305,127,217,142,177,138,177,157,193,206,166,173,175,171,156,154,154,166,122,112,98,90,86,80,83,84,62,56,58
,52,59,192,216,209,217,211,221,226,231,219,227,239,237,232,239,246,246,233,238,248,239,231,240,258,269,257,259,268,255,250,250
,241,242,239,243,247,222,214,227,238,234,227,232,246,237,232,252,259,241,217,224,237,230,227,243,235,227,222,223,239,231,230,243
,251,240,219,213,233,224,235,247,238,227,218,224,236,225,226,232,220,213,212,219,235,228,232,238,224,222,220,230,234,223,223,226
,215,214,212,219,231,223,227,222,211,211,210,217,232,224,228,229,218,215,220,228,227,228,227,221,207,205,204,214,227,223,222,217
,211,213,214,220,236,229,227,210,201,206,204,208,219,229,228,210,198,198,200,208,223,220,212,203,201,210,207,204,227,230,227,231
,217,198,178,178,214,219,203,195,192,200,201,209,235,223,207,200,197,210,199,206,220,207,193,193,192,199,191,198,223,226,216,210
,206,206,210,213,227,209,206,211,215,200,182,183,211,187,194,178,197,184,195,197,226,195,194,197,183,214,171,244,174,280,101,3665
,5220,-375,-4938,-2898,3148,5386,844,-4660,-3653,2127,5527,1913,-4032,-4306,1129,5412,2916,-3297,-4781,116,5103,3791,-2410,-5066,-951,4566,4514,-1367,-5119,-1938,3869,5044
,-287,-4968,-2833,3069,5383,814,-4601,-3629,2115,5473,1893,-4028,-4273,1115,5351,2880,-3286,-4751,93,5045,3766,-2388,-5032,-936,4531,4486,-1353,-5081,-1910,3842,5006,-283
,-4942,-2815,3027,5322,809,-4583,-3617,2101,5425,1880,-3996,-4246,1122,5315,2859,-3256,-4715,105,5002,3721,-2359,-4994,-941,4482,4435,-1358,-5056,-1912,3815,4956,-300,-4906
,-2799,3011,5282,796,-4531,-3586,2085,5379,1855,-3942,-4205,1098,5270,2823,-3246,-4689,91,4969,3685,-2359,-4948,-929,4450,4402,-1347,-5004,-1902,3781,4930,-297,-4876,-2787
,2987,5254,800,-4499,-3543,2069,5331,1834,-3947,-4184,1090,5232,2811,-3226,-4663,80,4919,3664,-2346,-4916,-908,4403,4351,-1347,-4967,-1888,3737,4852,-257,-4609,-2549,2985
,5193,776,-4482,-3547,2105,5326,1815,-3901,-4172,1069,5158,2772,-3195,-4624,68,4888,3628,-2334,-4902,-937,4374,4312,-1345,-4939,-1872,3704,4818,-304,-4787,-2757,2921,5159
,779,-4426,-3507,2033,5263,1796,-3898,-4128,1071,5157,2752,-3189,-4593,55,4826,3600,-2312,-4845,-923,4326,4284,-1345,-4909,-1862,3663,4765,-319,-4769,-2726,2890,5094,746
,-4426,-3490,1999,5192,1786,-3861,-4087,1055,5080,2723,-3165,-4551,75,4784,3555,-2300,-4822,-922,4280,4232,-1323,-4861,-1843,3643,4730,-309,-4736,-2702,2887,5054,736,-4392
,-3471,1971,5132,1747,-3835,-4064,1037,5026,2684,-3141,-4524,65,4753,3529,-2281,-4777,-920,4252,4194,-1325,-4806,-1825,3607,4685,-323,-4699,-2696,2838,5017,728,-4358,-3437
,1957,5100,1730,-3815,-4006,1058,5022,2692,-3108,-4474,54,4697,3503,-2261,-4735,-900,4219,4162,-1329,-4799,-1808,3581,4653,-303,-4653,-2664,2811,4963,750,-4304,-3397,1948
,5047,1716,-3792,-3999,1032,4949,2636,-3096,-4452,56,4647,3464,-2228,-4695,-895,4179,4123,-1305,-4765,-1804,3558,4607,-322,-4625,-2660,2785,4891,738,-4230,-3388,1929,5000
,1691,-3763,-3979,1010,4922,2618,-3065,-4406,58,4621,3422,-2232,-4652,-894,4130,4074,-1315,-4731,-1799,3516,4578,-311,-4585,-2621,2757,4872,698,-4242,-3332,1907,4958,1675
,-3741,-3949,990,4859,2600,-3049,-4384,50,4563,3389,-2227,-4629,-875,4104,4041,-1295,-4691,-1783,3483,4538,-295,-4554,-2614,2730,4814,683,-4226,-3332,1897,4908,1652,-3707
,-3919,997,4820,2558,-3017,-4330,70,4525,3328,-2229,-4617,-892,4057,3988,-1305,-4665,-1776,3449,4469,-329,-4523,-2602,2698,4768,677,-4178,-3306,1868,4876,1631,-3675,-3883
,978,4774,2523,-3014,-4312,34,4469,3303,-2194,-4529,-856,4043,3985,-1277,-4611,-1757,3416,4447,-325,-4485,-2556,2680,4709,647,-4168,-3286,1838,4810,1620,-3655,-3869,960
,4727,2502,-2991,-4280,53,4440,3285,-2169,-4512,-864,3975,3911,-1278,-4587,-1756,3384,4389,-332,-4461,-2556,2661,4679,650,-4108,-3250,1828,4762,1597,-3606,-3832,945,4675
,2471,-2971,-4260,28,4402,3241,-2168,-4483,-879,3931,3863,-1285,-4533,-1737,3353,4359,-332,-4416,-2542,2630,4651,636,-4090,-3232,1802,4714,1558,-3602,-3791,932,4635,2458
,-2945,-4210,24,4355,3224,-2151,-4427,-846,3897,3828,-1290,-4514,-1718,3317,4310,-329,-4392,-2526,2587,4583,635,-4059,-3198,1789,4677,1555,-3569,-3771,974,4830,2662,-2887
,-4186,18,4299,3169,-2081,-4370,-868,3872,3787,-1267,-4481,-1709,3291,4284,-305,-4327,-2504,2568,4531,617,-4013,-3169,1771,4628,1529,-3551,-3743,908,4555,2404,-2900,-4148
,14,4262,3147,-2118,-4357,-842,3831,3761,-1261,-4428,-1712,3243,4240,-319,-4310,-2493,2532,4489,597,-3993,-3126,1760,4586,1522,-3519,-3701,896,4505,2403,-2872,-4116,12
,4215,3109,-2123,-4335,-834,3789,3713,-1260,-4408,-1694,3205,4188,-311,-4264,-2458,2518,4451,600,-3963,-3109,1763,4542,1495,-3496,-3677,888,4444,2354,-2842,-4078,14,4174
,3081,-2094,-4310,-834,3787,3717,-1215,-4353,-1696,3159,4122,-326,-4220,-2442,2478,4398,578,-3930,-3099,1729,4507,1478,-3461,-3641,878,4411,2331,-2815,-4017,11,4140,3060
,-2085,-4276,-837,3737,3693,-1209,-4312,-1655,3145,4100,-329,-4189,-2387,2484,4366,570,-3915,-3066,1712,4464,1479,-3436,-3621,864,4358,2297,-2803,-3996,17,4093,3013,-2065
,-4229,-823,3687,3620,-1217,-4288,-1642,3116,4056,-311,-4159,-2392,2446,4310,569,-3865,-3042,1691,4408,1449,-3391,-3578,858,4319,2273,-2767,-3959,20,4075,2981,-2052,-4198
,-826,3645,3568,-1222,-4246,-1638,3077,4005,-331,-4116,-2379,2414,4280,565,-3831,-3021,1672,4390,1456,-3340,-3513,858,4279,2238,-2753,-3907,25,4033,2968,-2026,-4158,-824
,3614,3555,-1201,-4204,-1600,3061,3976,-319,-4084,-2349,2390,4237,567,-3799,-3007,1632,4312,1408,-3353,-3517,846,4226,2217,-2727,-3887,10,3968,2919,-2004,-4120,-808,3577
,3505,-1206,-4185,-1608,3033,3921,-344,-4048,-2334,2365,4179,542,-3743,-2963,1634,4290,1404,-3304,-3488,824,4196,2189,-2712,-3853,6,3926,2881,-2000,-4070,-810,3536,3468
,-1199,-4138,-1600,2992,3900,-335,-4007,-2298,2341,4151,525,-3728,-2926,1610,4237,1387,-3288,-3463,806,4142,2179,-2681,-3809,16,3892,2857,-1985,-4032,-784,3496,3429,-1187
,-4103,-1589,2947,3839,-330,-3974,-2287,2315,4086,517,-3701,-2913,1606,4191,1369,-3247,-3425,809,4098,2147,-2647,-3773,15,3868,2843,-1953,-4018,-819,3448,3384,-1177,-4056
,-1570,2927,3798,-336,-3919,-2261,2298,4056,505,-3666,-2898,1570,4152,1351,-3226,-3398,788,4050,2105,-2652,-3741,22,3834,2817,-1938,-3957,-784,3430,3374,-1162,-4005,-1537
,2905,3767,-355,-3917,-2241,2260,4001,492,-3633,-2858,1550,4105,1355,-3185,-3354,786,4009,2101,-2624,-3709,19,3767,2754,-1943,-3933,-788,3372,3322,-1146,-3987,-1546,2851
,3711,-345,-3866,-2223,2296,4194,708,-3570,-2832,1543,4054,1312,-3102,-3298,754,3962,2048,-2602,-3687,9,3732,2730,-1910,-3885,-784,3334,3272,-1133,-3916,-1531,2813,3665
,-349,-3835,-2208,2222,3931,478,-3569,-2810,1508,4002,1294,-3127,-3278,763,3919,2041,-2578,-3639,8,3708,2723,-1916,-3867,-784,3294,3240,-1142,-3897,-1504,2786,3628,-339
,-3795,-2179,2196,3885,493,-3534,-2773,1504,3952,1286,-3100,-3254,764,3873,2010,-2554,-3610,0,3645,2665,-1880,-3827,-775,3268,3204,-1121,-3857,-1494,2782,3591,-334,-3757
,-2171,2183,3847,477,-3492,-2762,1472,3909,1263,-3060,-3225,753,3847,1989,-2523,-3569,1,3623,2637,-1873,-3773,-770,3228,3153,-1126,-3807,-1462,2754,3568,-337,-3723,-2149
,2147,3807,476,-3441,-2708,1457,3857,1243,-3039,-3183,733,3785,1969,-2507,-3546,-9,3574,2608,-1861,-3743,-745,3197,3129,-1108,-3779,-1465,2696,3518,-321,-3684,-2127,2118
,3751,452,-3436,-2698,1453,3823,1223,-3009,-3158,722,3737,1942,-2462,-3497,-6,3538,2582,-1831,-3709,-744,3177,3078,-1115,-3737,-1434,2687,3471,-323,-3623,-2097,2093,3709
,451,-3369,-2656,1439,3803,1219,-2969,-3112,718,3713,1917,-2446,-3454,-18,3484,2552,-1815,-3667,-748,3126,3065,-1101,-3706,-1420,2662,3441,-338,-3599,-2061,2069,3677,449
,-3352,-2634,1406,3743,1207,-2953,-3086,717,3665,1902,-2430,-3417,6,3449,2522,-1788,-3618,-718,3091,3023,-1074,-3667,-1422,2610,3388,-331,-3570,-2051,2053,3621,435,-3314
,-2608,1399,3699,1191,-2900,-3051,710,3629,1876,-2390,-3394,-10,3416,2482,-1779,-3586,-728,3056,2975,-1076,-3613,-1404,2586,3360,-333,-3521,-2029,2025,3605,436,-3268,-2572
,1393,3663,1166,-2888,-3009,700,3584,1858,-2377,-3355,-32,3383,2473,-1714,-3529,-746,3003,2937,-1072,-3582,-1363,2550,3305,-343,-3498,-2018,1977,3539,438,-3244,-2564,1353
,3602,1149,-2862,-2981,709,3537,1826,-2355,-3326,-20,3303,2433,-1709,-3500,-724,2964,2898,-1067,-3556,-1368,2536,3265,-341,-3458,-1993,1970,3488,427,-3192,-2535,1347,3570
,1126,-2836,-2971,698,3526,1798,-2345,-3294,-28,3281,2394,-1709,-3452,-711,2934,2874,-1052,-3502,-1355,2501,3239,-340,-3430,-1977,1937,3443,403,-3169,-2490,1318,3513,1109
,-2806,-2927,671,3460,1787,-2315,-3248,-20,3241,2373,-1704,-3423,-691,2891,2831,-1049,-3488,-1347,2458,3188,-327,-3384,-1951,1922,3406,405,-3132,-2461,1326,3472,1090,-2776
,-2903,660,3407,1749,-2280,-3216,-26,3191,2324,-1686,-3388,-702,2910,3020,-816,-3414,-1338,2443,3162,-307,-3241,-1878,1875,3348,364,-3111,-2464,1289,3434,1082,-2733,-2865
,635,3376,1752,-2228,-3141,-11,3173,2305,-1674,-3350,-688,2844,2773,-1032,-3420,-1343,2401,3116,-335,-3310,-1910,1859,3310,381,-3064,-2408,1270,3388,1076,-2712,-2825,644
,3326,1706,-2245,-3138,-20,3113,2255,-1654,-3306,-681,2788,2721,-1003,-3358,-1304,2375,3075,-317,-3272,-1888,1852,3270,365,-3035,-2388,1251,3330,1045,-2674,-2805,625,3283
,1682,-2213,-3108,-26,3089,2235,-1634,-3258,-670,2763,2680,-1007,-3312,-1302,2331,3029,-332,-3234,-1879,1814,3240,361,-2991,-2340,1243,3296,1023,-2642,-2750,616,3239,1660
,-2189,-3071,-43,3038,2209,-1626,-3230,-664,2713,2643,-1011,-3281,-1268,2303,2999,-317,-3191,-1841,1790,3196,375,-2964,-2324,1219,3248,1007,-2630,-2730,609,3196,1650,-2153
,-3027,-34,2997,2184,-1588,-3184,-638,2693,2608,-994,-3250,-1263,2283,2951,-321,-3156,-1830,1762,3134,346,-2923,-2291,1223,3231,1028,-2565,-2693,602,3169,1620,-2119,-2977
,-24,2961,2143,-1586,-3147,-647,2660,2592,-966,-3186,-1237,2250,2929,-297,-3092,-1781,1758,3115,346,-2891,-2255,1200,3170,982,-2564,-2667,584,3112,1598,-2109,-2950,-32
,2917,2119,-1571,-3105,-619,2621,2549,-955,-3157,-1221,2215,2869,-307,-3075,-1778,1722,3059,333,-2862,-2236,1191,3133,978,-2515,-2628,591,3069,1580,-2053,-2913,-32,2877
,2082,-1549,-3083,-626,2590,2510,-956,-3123,-1219,2175,2823,-307,-3009,-1744,1704,3032,339,-2819,-2220,1171,3108,956,-2495,-2602,569,3027,1542,-2047,-2864,-30,2839,2059
,-1529,-3033,-625,2556,2496,-941,-3073,-1190,2145,2776,-332,-2997,-1726,1666,2967,315,-2802,-2194,1139,3044,944,-2474,-2574,562,2984,1527,-2024,-2832,-18,2792,2027,-1512
,-3008,-619,2504,2442,-929,-3055,-1189,2113,2738,-303,-2951,-1698,1660,2927,314,-2751,-2161,1143,3003,926,-2425,-2542,548,2933,1493,-2003,-2803,-35,2760,1984,-1498,-2967
,-615,2480,2406,-922,-2994,-1177,2088,2704,-309,-2888,-1664,1651,2914,315,-2710,-2129,1113,2961,911,-2382,-2479,544,2883,1461,-1979,-2755,-38,2722,1979,-1482,-2929,-610
,2442,2373,-928,-2964,-1155,2052,2662,-310,-2874,-1662,1592,2847,312,-2678,-2107,1104,2927,904,-2373,-2460,557,2853,1438,-1948,-2703,-20,2674,1927,-1455,-2889,-611,2409
,2356,-870,-2899,-1129,2053,2639,-303,-2837,-1646,1578,2797,293,-2635,-2087,1072,2879,884,-2344,-2441,520,2859,1650,-1710,-2642,-2,2659,1901,-1457,-2791,-559,2376,2325
,-899,-2882,-1148,2005,2592,-307,-2791,-1616,1548,2760,281,-2602,-2029,1063,2838,876,-2301,-2390,514,2773,1413,-1903,-2645,-32,2592,1866,-1432,-2799,-575,2331,2269,-879
,-2847,-1117,1967,2555,-289,-2755,-1582,1540,2723,287,-2574,-2015,1049,2790,861,-2276,-2372,501,2716,1384,-1866,-2602,-22,2568,1842,-1401,-2765,-563,2323,2239,-865,-2805
,-1107,1931,2504,-301,-2711,-1569,1506,2676,263,-2543,-2001,1023,2756,862,-2215,-2305,519,2698,1368,-1833,-2550,-35,2548,1818,-1357,-2750,-555,2249,2259,-897,-2692,-1189
,2026,2097,62,254,164,193,164,166,153,162,167,176,218,164,180,177,183,164,178,167,195,152,142,125,122,122,122,130,148,120,109,115
,119,128,124,127,134,113,103,106,113,113,118,140,159,170,168,170,168,166,166,173,170,168,168,174,201,185,210