-228,121,63,-158,53,98,-122,-3,106,-76,-43,82,-35,-52,56,-2,-43,23,9,-20,3,2,2,0,-13,13,9,-24,11,21,-28,-1,27,-21,-11,25,-9,-14,15,-17,-305,185,90,-224,80,140,-176,-1,152,-110,-56,128,-46,-74,82,0,-60,35,14,-28,6,4,3,0,-18,18,12,-36,15,30,-40,0,40,-30,-15,37,-13,-20,22,-17
,-305,185,90,-224,80,140,-176,-1,152,-110,-56,128,-46,-74,82,0,-60,35,14,-28,6,4,3,0,-18,18,12,-36,15,30,-40,0,40,-30,-15,37,-13,-20,22,-17,-228,121,63,-158,53,98,-122,-3,106,-76,-43,82,-35,-52,56,-2,-43,23,9,-20,3,2,2,0,-13,13,9,-24,11,21,-28,-1,27,-21,-11,25,-9,-14,15,-17
,-305,185,90,-224,80,140,-176,-1,152,-110,-56,128,-46,-74,82,0,-60,35,14,-28,6,4,3,0,-18,18,12,-36,15,30,-40,0,40,-30,-15,37,-13,-20,22,-17,-228,121,63,-158,53,98,-122,-3,106,-76,-43,82,-35,-52,56,-2,-43,23,9,-20,3,2,2,0,-13,13,9,-24,11,21,-28,-1,27,-21,-11,25,-9,-14,15,-17
,-228,121,63,-158,53,98,-122,-3,106,-76,-43,82,-35,-52,56,-2,-43,23,9,-20,3,2,2,0,-13,13,9,-24,11,21,-28,-1,27,-21,-11,25,-9,-14,15,-17,-228,121,63,-158,53,98,-122,-3,106,-76,-43,82,-35,-52,56,-2,-43,23,9,-20,3,2,2,0,-13,13,9,-24,11,21,-28,-1,27,-21,-11,25,-9,-14,15,-17
,-305,185,90,-224,80,140,-176,-1,152,-110,-56,128,-46,-74,82,0,-60,35,14,-28,6,4,3,0,-18,18,12,-36,15,30,-40,0,40,-30,-15,37,-13,-20,22,0,0,0,0,0,0,0,0,0,0,0,0,0,0,0,0,0,0,0,0,0,0,0,0,0,0,0,0,0,0,0,0,0,0,0,0,0,0,0,0,-17
,-305,185,90,-224,80,140,-176,-1,152,-110,-56,128,-46,-74,82,0,-60,35,14,-28,6,4,3,0,-18,18,12,-36,15,30,-40,0,40,-30,-15,37,-13,-20,22,-5,-19,20,-6,-38,4,0,-44,-11,21,-17,-25,-1,-6,-4,5,-7,-8,0,-13,-17,-3,0,0,3,-3,-1,4,-2,-2,4,1,0,6,10,10,6,-2,-1,2,-5
,-17,22,-10,-42,2,-3,-49,-12,26,-5,-17,-8,-19,-5,12,-5,-8,1,-14,-17,-3,0,1,2,-5,1,7,-3,-1,8,-1,-6,6,12,12,7,-2,-4,1,-4,-16,25,-8,-44,-2,-11,-56,-12,29,-2,-10,-7,-24,-6,14,-5,-2,8,-14,-19,-2,0,1,2,-7,-3,2,-7,4,16,-2,-13,0,8,11,9,-3,-5,2,-4
,-17,27,-6,-44,-6,-17,-63,-17,29,3,-8,-14,-36,-13,13,-5,-6,7,-10,-16,-3,-1,1,2,-6,0,3,-5,6,18,2,-5,3,5,10,13,2,-3,3,-4,-18,29,4,-38,-13,-22,-56,-13,31,12,-1,-15,-37,-12,14,-4,-4,11,-5,-15,-4,-1,1,2,-5,-4,0,-3,6,12,0,-3,2,4,9,9,-1,-1,4,-4
,-19,32,7,-38,-16,-31,-69,-16,35,13,-6,-23,-43,-14,8,-13,-4,17,-2,-13,-3,-2,2,3,-7,-4,3,-1,6,13,4,-1,0,3,14,12,-4,-1,7,-4,-20,34,8,-36,-7,-21,-69,-27,28,19,4,-23,-48,-15,8,-14,-1,21,0,-10,0,-1,2,3,-6,-1,-1,-12,1,18,5,-3,2,0,6,10,-1,-2,4,-5
,-23,37,14,-35,-9,-26,-74,-28,24,12,2,-20,-50,-21,5,-17,-7,19,1,-10,0,-1,2,4,-4,2,4,-8,3,17,5,1,6,1,7,12,1,-1,6,-5,-23,36,17,-30,-10,-25,-68,-24,27,14,2,-19,-47,-19,5,-17,-6,20,4,-8,1,0,1,4,-4,0,3,-7,1,12,2,-1,4,1,6,11,-2,-7,2,-5
,-27,36,15,-34,-8,-27,-79,-36,16,5,-3,-24,-51,-21,-2,-30,-14,17,0,-9,2,0,2,4,-4,5,11,-2,6,16,0,-3,11,9,9,9,-3,-5,6,-5,-27,40,18,-30,2,-14,-73,-34,20,8,4,-11,-43,-19,3,-24,-14,18,6,-6,3,0,1,3,-4,5,8,-7,2,12,-6,-10,8,8,3,4,-3,-5,3,-6
,-29,45,19,-37,4,-10,-79,-42,13,-4,-5,-6,-39,-25,-3,-25,-13,19,6,-7,2,0,1,3,-4,7,10,-6,3,12,-9,-12,8,6,2,9,1,-5,3,-6,-32,52,28,-32,9,-7,-80,-41,11,-10,-2,3,-32,-18,4,-21,-11,22,7,-6,3,0,1,3,-4,6,10,-6,2,12,-7,-9,6,1,-2,4,-5,-5,5,-6
,-36,53,30,-35,6,-1,-70,-39,0,-26,-10,4,-30,-18,7,-18,-15,16,6,-6,2,0,1,3,0,9,8,-5,8,12,-10,-5,13,1,-2,9,2,-3,3,-7,-39,55,33,-32,11,3,-69,-38,6,-17,-4,9,-23,-11,8,-22,-15,17,5,-5,3,0,1,3,-4,7,7,-8,7,14,-12,-9,13,2,-6,4,-1,-7,1,-7
,-43,48,29,-34,8,2,-65,-34,8,-17,-9,-1,-32,-21,-2,-27,-16,14,1,-6,5,1,1,2,-2,13,13,-3,10,18,-5,-3,12,-1,-4,4,-7,-8,6,-8,-45,52,33,-33,13,10,-57,-24,15,-17,-5,10,-27,-19,4,-23,-22,8,1,-4,6,1,1,2,-3,9,9,-11,0,9,-12,-12,4,-4,-4,3,-9,-9,5,-8
,-48,53,23,-48,11,12,-64,-25,20,-19,-3,18,-31,-33,-3,-27,-27,6,0,-9,1,0,1,4,2,12,12,-2,9,13,-9,-5,8,-5,-3,7,-4,-6,7,-8,-47,54,30,-40,14,16,-52,-12,29,-11,0,14,-33,-29,3,-20,-20,10,1,-9,2,0,1,3,-3,7,11,-2,5,5,-13,-5,6,-10,-5,10,0,-5,5,-9
,-51,49,26,-43,12,18,-49,-16,18,-22,-8,13,-27,-24,2,-25,-27,3,-3,-11,-1,-1,1,2,-1,10,10,-4,10,18,-2,1,11,-3,-2,10,0,-4,6,-9,-52,54,30,-44,11,19,-45,-4,31,-18,-8,16,-21,-14,14,-16,-23,6,-2,-12,0,0,1,1,-4,4,1,-12,4,11,-9,-4,7,-9,-6,10,0,-6,6,-9
,-53,54,34,-38,18,26,-42,-7,27,-27,-20,16,-17,-23,3,-13,-18,8,3,-7,-1,-1,1,1,-2,6,5,-4,8,8,-13,-5,6,-9,-5,9,0,-3,6,-9,-58,51,32,-36,23,25,-49,-10,20,-41,-28,15,-18,-24,3,-20,-29,-1,-3,-10,0,0,1,2,-3,6,5,-5,9,14,-6,-3,7,-6,-3,8,0,0,8,-10
,-62,48,31,-37,24,30,-39,0,30,-31,-18,22,-14,-21,3,-21,-25,5,0,-10,0,0,1,1,-1,7,3,-6,11,17,-4,3,14,-2,1,14,3,0,9,-10,-62,50,32,-32,33,34,-42,-2,33,-21,-3,33,-16,-21,14,-8,-20,4,-1,-8,1,0,1,1,-4,5,3,-10,3,6,-14,-7,7,-2,7,21,7,1,7,-10
,-62,50,31,-38,26,30,-47,-7,32,-19,-4,28,-16,-17,18,-9,-22,6,3,-7,2,1,0,0,-5,5,5,-9,1,5,-12,-2,11,-4,-2,13,3,-3,5,-11,-66,44,27,-42,19,28,-46,-14,24,-19,-5,21,-20,-15,19,-10,-25,1,0,-8,1,0,0,-1,-5,6,7,-7,3,7,-11,-4,12,1,1,12,4,0,4,-11
,-68,41,23,-47,15,23,-50,-16,20,-26,-12,14,-30,-27,9,-18,-30,-1,-1,-10,-2,-1,1,1,-3,6,11,9,21,15,-8,5,20,5,5,13,2,2,9,-11,-69,40,22,-44,22,29,-43,-3,29,-32,-22,14,-23,-24,7,-18,-25,6,0,-10,-1,0,0,0,-5,5,7,0,11,9,-11,2,13,-6,-3,13,3,1,8,-11
,-70,38,20,-46,23,37,-27,10,35,-24,-7,25,-24,-27,13,-6,-17,6,1,-7,2,1,0,-1,-4,6,4,-6,9,10,-8,5,15,-7,-8,5,-2,0,7,-11,-69,39,20,-46,22,33,-33,11,44,-13,3,39,-7,-16,14,-9,-19,9,6,-3,3,0,0,0,-3,6,4,-7,6,6,-15,-4,12,-2,-4,6,0,3,8,-11
,-70,40,20,-51,12,26,-36,9,43,-14,-3,28,-13,-15,16,-11,-22,4,0,-8,1,0,0,-1,-5,6,5,-10,2,9,-9,-2,12,-3,-6,7,3,1,4,-11,-71,38,16,-55,15,31,-38,2,36,-24,-13,29,-5,-10,20,-1,-11,11,5,-5,3,1,0,0,-4,3,1,-8,5,7,-11,0,13,1,4,13,2,2,8,-11
,-73,36,17,-52,16,29,-39,4,40,-17,-5,32,-5,-10,17,-7,-15,10,3,-6,3,1,0,0,-3,6,4,-4,10,11,-9,-2,3,-12,-2,9,-9,-10,2,-11,-70,39,21,-43,26,32,-37,14,53,-9,3,40,-5,-13,17,-5,-13,11,2,-7,3,1,0,0,-5,4,4,-4,12,12,-13,-4,10,-5,-1,10,-3,-4,5,-11
,-68,39,17,-47,26,34,-35,15,49,-23,-17,27,-9,-16,11,-14,-21,7,2,-7,2,1,0,0,-5,4,2,-5,12,10,-19,-13,4,-4,4,14,-3,-6,6,-11,-73,36,14,-54,15,25,-43,5,35,-36,-24,24,-17,-29,9,-7,-21,3,2,-7,0,0,0,-1,-5,3,2,-6,6,5,-16,-7,7,-2,2,9,-5,-6,6,-11
,-74,34,15,-52,13,20,-48,1,39,-23,-9,33,-10,-19,20,4,-8,12,3,-9,0,0,0,1,-5,2,3,-4,10,13,-8,-3,5,-12,-9,7,1,-2,4,-11,-73,34,14,-51,22,37,-35,6,47,-10,-6,30,-7,-13,16,-2,-12,7,-1,-10,0,0,0,0,-4,3,-1,-11,7,15,-2,2,8,-8,-1,14,2,-1,5,-11
,-73,32,10,-57,15,33,-33,9,43,-20,-13,24,-18,-30,0,-15,-20,6,2,-8,0,0,0,0,-2,5,0,-11,7,16,-1,3,9,-3,4,15,2,-1,6,-11,-72,34,17,-48,19,29,-34,15,48,-20,-9,34,-7,-21,7,-12,-18,11,9,-3,2,1,0,0,-5,3,3,-9,2,6,-11,-7,1,-13,-8,5,-6,-7,5,-11
,-73,35,13,-57,11,26,-39,9,45,-22,-14,29,-7,-17,11,-11,-23,2,0,-7,1,0,0,0,-5,5,6,-6,1,2,-14,-6,1,-13,-7,5,-8,-9,3,-11,-75,32,15,-51,16,33,-32,6,39,-14,-4,30,-9,-16,11,-12,-21,2,-4,-11,-1,0,1,1,-4,1,-1,-9,6,9,-7,2,11,-3,-1,7,-3,-1,9,-11
,-72,38,19,-49,20,37,-30,11,45,-17,-15,18,-18,-21,9,-11,-20,4,-2,-9,0,0,0,-1,-6,2,0,-10,4,8,-13,-7,8,-1,1,10,0,0,7,-11,-73,35,19,-46,23,41,-25,12,43,-17,-12,21,-16,-18,19,1,-12,8,2,-7,1,0,0,-1,-7,3,4,-7,4,8,-11,-2,14,5,6,15,1,-6,1,-11
,-74,33,18,-50,12,23,-41,4,48,-3,2,33,-7,-12,19,-2,-15,6,3,-6,1,0,0,1,-2,7,5,-6,5,5,-13,0,14,-2,-1,12,1,-3,7,-11,-75,36,20,-51,7,18,-39,17,60,-2,0,30,-9,-10,23,1,-14,7,2,-6,1,0,1,-1,-6,3,3,-8,6,8,-15,-10,3,-7,-2,10,1,0,6,-11
,-75,36,23,-46,15,28,-38,4,48,-3,0,31,-6,-12,17,-1,-14,4,0,-7,0,0,0,-2,-6,4,2,-8,5,7,-13,-7,6,-3,1,12,4,1,6,-11,-74,37,21,-50,11,24,-40,1,38,-17,-8,27,-12,-21,10,-8,-20,0,-2,-6,2,0,0,-1,-5,5,4,-4,8,8,-11,-4,4,-11,-5,9,-1,-3,6,-11
,-73,34,16,-50,17,31,-33,8,39,-21,-8,31,-8,-14,21,4,-12,5,1,-5,1,0,0,-1,-3,8,9,-2,6,5,-10,-1,4,-13,-6,7,-2,0,9,-11,-78,32,21,-42,20,36,-23,18,47,-11,-3,28,-8,-12,14,-7,-13,10,1,-9,0,0,0,-2,-6,6,6,-8,1,4,-11,-3,4,-12,-7,6,-2,0,5,-11
,-77,31,18,-47,15,24,-43,0,42,-11,-5,28,-12,-19,13,-7,-21,0,-2,-9,-1,0,0,-2,-5,5,5,-5,4,2,-19,-12,-2,-16,-11,3,-5,-5,3,-11,-75,33,18,-48,15,25,-40,11,55,-7,-9,28,-1,-6,20,-3,-17,1,-4,-10,-1,0,0,-1,-5,6,6,-5,9,12,-7,-1,6,-12,-8,8,-2,-6,3,-11
,-75,38,23,-44,21,28,-39,13,54,-12,-10,32,2,-2,24,-1,-14,4,-5,-11,1,1,0,-1,-6,3,4,-6,7,12,-7,-1,8,-11,-10,4,-1,-1,6,-11,-72,35,14,-48,29,38,-34,15,50,-21,-18,19,-17,-17,17,-4,-13,9,0,-7,3,1,0,0,-3,7,1,-14,3,11,-9,1,12,-9,-10,4,-3,-4,4,-11
,-71,37,20,-40,28,33,-38,6,39,-19,0,44,-2,-15,20,4,-8,9,1,-7,2,1,0,0,-3,6,4,-7,8,10,-10,1,14,-4,-3,11,0,-5,3,-11,-73,34,16,-54,8,23,-34,9,35,-23,-2,37,-12,-23,12,-5,-15,5,-1,-10,0,0,0,-1,-2,10,8,-4,12,13,-12,-3,13,-1,-4,4,-7,-7,5,-11
,-76,31,13,-55,9,21,-42,5,41,-17,-7,29,-12,-19,10,-8,-14,8,0,-9,2,1,0,0,-3,5,5,-4,7,5,-16,-4,11,-5,-3,6,-6,-5,6,-11,-72,37,20,-46,20,33,-35,3,37,-20,-13,21,-12,-9,23,-3,-17,5,2,-5,3,1,0,0,-3,4,1,-7,8,6,-14,-5,3,-13,-5,11,1,-1,10,-11
,-66,44,27,-42,19,30,-35,5,35,-24,-13,22,-11,-4,28,-4,-21,2,0,-8,1,0,0,0,-4,5,3,-8,10,11,-16,-12,3,-10,-6,11,3,-2,6,-11,-68,43,29,-39,20,30,-35,1,28,-26,-10,28,-8,-6,23,-5,-19,2,-3,-7,2,0,1,1,-4,5,3,-8,7,7,-21,-14,3,-10,-7,9,1,-6,0,-11
,-72,39,21,-48,16,30,-32,10,34,-31,-13,33,-9,-19,14,-3,-14,6,0,-7,2,0,1,0,-5,2,1,-7,7,5,-23,-15,3,-10,-10,4,0,0,7,-11,-76,36,18,-54,10,27,-38,-2,25,-35,-19,22,-19,-25,9,-12,-25,-1,-5,-12,-1,0,1,2,-3,4,8,-1,3,4,-10,-5,1,-12,-5,6,-6,-7,5,-11
,-74,40,24,-46,19,30,-41,-3,31,-23,-9,23,-22,-22,18,-3,-16,10,4,-9,-1,0,0,-1,-6,2,6,1,10,4,-17,-5,6,-14,-15,-2,-9,-8,3,-11,-74,37,20,-51,14,31,-33,10,47,-10,3,40,-6,-17,20,3,-13,9,9,-2,2,1,0,-1,-3,5,6,0,12,8,-13,-4,7,-10,-8,5,-4,-6,3,-11
,-71,38,16,-53,16,29,-39,7,46,-13,-5,29,-14,-21,11,-10,-17,12,8,-3,4,1,0,0,-5,4,5,-4,10,11,-12,-10,1,-10,-5,5,-5,-5,5,-11,-70,40,19,-50,15,15,-59,-2,41,-27,-18,26,-12,-16,20,-4,-18,10,6,-7,0,0,0,0,-4,3,0,-10,7,10,-13,-4,13,1,5,18,5,-2,5,-11
,-69,44,23,-52,6,10,-55,1,39,-21,-3,33,-20,-23,25,8,-7,14,6,-6,2,1,0,-1,-4,6,3,-8,10,16,-2,10,22,2,2,14,-1,-7,3,-10,-69,36,23,-48,-1,12,-34,4,23,-22,-2,14,-32,-17,23,-3,-10,14,0,-10,3,1,0,1,-6,4,8,-3,7,13,-3,1,9,1,6,12,-2,-1,7,-9
,-73,25,24,-38,-3,14,-17,7,8,-27,-2,6,-31,-6,21,-17,-18,12,-2,-11,3,1,1,2,-2,11,16,-1,4,10,-6,-3,7,1,5,10,-2,0,8,-10,-74,32,27,-37,11,24,-29,-2,21,-15,2,17,-19,-3,24,-5,-6,20,4,-6,5,2,0,0,-6,5,8,-7,-2,1,-13,-5,6,-2,3,7,-7,-5,5,-11
,-74,35,29,-34,18,24,-36,4,34,-16,-7,19,-14,-5,24,-5,-10,17,6,-7,2,1,0,-1,-6,5,9,1,8,9,-10,-8,-1,-8,0,8,-4,-2,7,-11,-75,33,21,-46,12,25,-35,1,31,-17,-4,23,-15,-11,19,-7,-12,15,6,-7,2,1,0,1,-3,4,7,0,6,1,-17,-9,-3,-17,-7,11,0,-4,2,-11
,-74,37,23,-47,8,17,-45,-3,31,-22,-8,28,-10,-13,15,-10,-17,7,-2,-11,0,0,1,3,-2,5,9,-1,5,3,-14,-6,2,-15,-12,-1,-11,-13,-2,-11,-76,33,21,-45,12,20,-40,6,37,-21,-9,23,-17,-15,18,-8,-20,4,-2,-10,1,0,1,0,-5,5,7,-7,0,2,-14,-3,12,-6,-10,2,-5,-7,-1,-11
,-76,31,14,-53,11,25,-38,10,45,-17,-12,22,-15,-18,14,-9,-21,4,0,-9,2,1,0,-1,-6,3,5,-3,7,6,-13,-3,10,-7,-8,4,-2,-3,3,-11,-79,29,9,-59,11,28,-37,7,42,-14,-5,24,-17,-20,8,-19,-30,-5,-8,-12,-1,0,0,-2,-6,6,6,-4,10,12,-4,12,23,3,6,19,3,-2,8,-11
,-74,37,21,-47,18,34,-26,17,43,-19,-7,31,-8,-13,14,-10,-17,8,1,-7,3,1,0,-1,-3,9,8,-6,5,8,-9,0,7,-11,-7,9,1,1,9,-11,-72,40,24,-41,25,28,-43,10,51,-14,-12,25,-6,-10,11,-16,-20,6,-3,-9,3,1,0,0,-4,6,3,-14,-1,6,-11,-5,1,-13,-8,3,-7,-2,9,-11
,-75,38,22,-45,21,25,-49,1,46,-18,-22,14,-13,-14,12,-10,-14,9,0,-8,3,1,0,1,-2,6,2,-14,0,7,-10,-3,8,-7,-5,3,-11,-10,5,-11,-74,36,14,-57,11,17,-56,-3,45,-15,-9,26,-16,-23,11,-6,-14,12,4,-7,1,0,1,0,-3,10,12,-2,8,13,-6,1,12,-2,1,15,5,1,8,-11
,-73,38,19,-47,24,34,-35,14,51,-16,-8,38,-3,-19,11,-3,-12,8,1,-9,0,0,0,0,-4,5,3,-10,-2,-2,-16,0,12,-5,-3,10,0,-4,2,-11,-74,38,22,-44,24,33,-40,5,53,2,7,38,-5,-18,6,-14,-19,8,1,-9,1,1,0,1,-3,3,4,-5,1,-1,-14,1,8,-11,-4,10,-4,-8,3,-12
,-78,34,11,-63,13,32,-40,2,45,-13,-4,33,-12,-23,9,-11,-22,4,1,-9,0,0,1,1,-5,2,4,-3,10,13,-4,2,10,-7,-5,7,-3,-7,0,-11,-77,38,17,-57,11,22,-50,-3,40,-17,-8,26,-18,-22,16,-6,-18,5,0,-8,3,1,0,-2,-7,3,3,-12,2,13,-3,-2,5,-8,-2,10,-3,-8,0,-11
,-74,39,20,-52,13,24,-42,4,39,-16,0,36,-6,-9,22,-4,-14,10,0,-10,1,1,0,-1,-7,3,3,-9,7,11,-13,-8,5,-9,-6,9,-1,-5,5,-11,-70,42,23,-46,18,26,-45,-3,35,-20,-8,27,-11,-9,26,-2,-16,9,3,-8,0,0,1,1,-3,4,3,-8,0,1,-14,-5,4,-11,-5,12,3,-1,5