-305,185,90,-224,80,140,-176,-1,152,-110,-56,128,-46,-74,82,0,-60,35,14,-28,6,4,3,0,-18,18,12,-36,15,30,-40,0,40,-30,-15,37,-13,-20,22,-17,-305,185,90,-224,80,140,-176,-1,152,-110,-56,128,-46,-74,82,0,-60,35,14,-28,6,4,3,0,-18,18,12,-36,15,30,-40,0,40,-30,-15,37,-13,-20,22,-17
,-305,185,90,-224,80,140,-176,-1,152,-110,-56,128,-46,-74,82,0,-60,35,14,-28,6,4,3,0,-18,18,12,-36,15,30,-40,0,40,-30,-15,37,-13,-20,22,-17,-228,121,63,-158,53,98,-122,-3,106,-76,-43,82,-35,-52,56,-2,-43,23,9,-20,3,2,2,0,-13,13,9,-24,11,21,-28,-1,27,-21,-11,25,-9,-14,15,-17
,-228,121,63,-158,53,98,-122,-3,106,-76,-43,82,-35,-52,56,-2,-43,23,9,-20,3,2,2,0,-13,13,9,-24,11,21,-28,-1,27,-21,-11,25,-9,-14,15,-17,-305,185,90,-224,80,140,-176,-1,152,-110,-56,128,-46,-74,82,0,-60,35,14,-28,6,4,3,0,-18,18,12,-36,15,30,-40,0,40,-30,-15,37,-13,-20,22,-17
,-228,121,63,-158,53,98,-122,-3,106,-76,-43,82,-35,-52,56,-2,-43,23,9,-20,3,2,2,0,-13,13,9,-24,11,21,-28,-1,27,-21,-11,25,-9,-14,15,-17,-305,185,90,-224,80,140,-176,-1,152,-110,-56,128,-46,-74,82,0,-60,35,14,-28,6,4,3,0,-18,18,12,-36,15,30,-40,0,40,-30,-15,37,-13,-20,22,-17
,-216,114,60,-149,49,92,-115,-3,100,-72,-41,77,-33,-50,53,-1,-40,22,8,-19,3,2,2,0,-12,12,8,-23,11,20,-27,-1,25,-20,-10,24,-8,-13,14,0,0,0,0,0,0,0,0,0,0,0,0,0,0,0,0,0,0,0,0,0,0,0,0,0,0,0,0,0,0,0,0,0,0,0,0,0,0,0,0,-17
,-228,230,64,-287,53,177,-126,2,113,-143,-51,156,-32,-93,57,-3,-47,44,12,-35,3,5,2,-1,-14,23,12,-42,9,35,-29,0,32,-35,-14,43,-7,-23,16,-4,-8,23,-14,-46,-3,-1,-37,-5,13,-34,-34,-1,-15,-24,-5,-1,-3,-5,-16,-14,-1,0,0,1,-2,-4,-7,-6,7,4,-11,-1,15,10,8,9,2,0,5,-3
,-5,24,-17,-54,-9,1,-35,-10,14,-19,-25,-5,-12,-13,-4,-8,-2,1,-18,-19,-3,0,0,1,-4,-4,-3,-4,3,3,-9,-4,11,12,10,8,2,3,7,-3,-4,19,-23,-57,-14,-7,-42,-17,11,-12,-17,-7,-17,-14,-6,-13,-1,6,-17,-23,-4,0,0,2,-4,-3,1,-5,1,9,-1,-6,4,10,12,12,6,3,3,-3
,-4,19,-20,-55,-18,-12,-43,-17,16,2,-5,-5,-19,-13,-4,-8,5,10,-16,-23,-5,0,0,1,-5,-3,1,-4,2,10,0,-9,-2,6,10,11,6,1,0,-3,-4,24,-17,-53,-14,-12,-47,-17,18,3,1,-1,-23,-15,-1,-8,4,12,-14,-22,-4,0,1,2,-6,-4,1,-6,2,15,3,-6,2,7,8,10,5,0,2,-3
,-6,22,-16,-54,-20,-16,-47,-22,9,2,5,-2,-28,-18,-1,-10,-1,10,-12,-21,-6,-1,1,2,-5,-4,-1,-6,3,15,5,-3,1,4,9,10,2,0,5,-2,-7,23,-12,-52,-21,-15,-47,-26,8,10,13,-2,-33,-20,-1,-8,3,13,-11,-20,-5,-1,1,3,-5,-5,-4,-9,3,18,7,-4,0,4,5,7,1,0,5,-2
,-8,24,-9,-47,-16,-14,-51,-28,11,15,17,-1,-32,-19,1,-7,5,16,-8,-19,-5,-1,1,3,-6,-7,-5,-12,0,19,10,-4,-1,4,5,6,2,1,4,-3,-9,26,-6,-45,-14,-16,-56,-33,10,17,17,-5,-37,-21,-4,-14,5,21,-6,-18,-3,-1,1,3,-5,-4,-4,-15,-3,16,8,-4,2,5,4,5,0,0,5,-3
,-10,32,-4,-48,-10,-9,-60,-42,6,18,21,-6,-43,-25,-4,-16,2,23,-4,-18,-3,-1,1,4,-5,-3,-3,-16,-6,17,8,-8,-2,5,6,4,-3,-3,4,-3,-13,29,-2,-45,-14,-15,-58,-38,1,8,14,-8,-45,-29,-7,-17,-2,17,-5,-16,-2,-1,2,5,-3,-1,-3,-14,-3,15,5,-4,3,6,6,4,-5,-6,3,-4
,-16,33,-2,-51,-14,-17,-67,-42,4,9,13,-11,-50,-30,-9,-21,2,22,-7,-19,-2,-1,2,6,-2,2,2,-13,-4,13,4,-2,4,5,10,10,-4,-7,4,-4,-17,37,7,-43,-12,-21,-67,-29,20,13,16,3,-37,-30,-9,-14,4,20,-4,-11,1,-1,2,4,-2,4,2,-14,-4,12,-2,-8,1,2,5,6,-6,-8,2,-4
,-20,40,12,-40,-10,-24,-74,-33,14,3,11,5,-33,-27,-11,-22,-2,20,-3,-11,2,0,2,4,-3,5,3,-16,-5,11,-3,-11,-2,0,6,9,-3,-7,2,-5,-23,42,14,-41,-10,-18,-71,-35,13,5,7,-6,-39,-23,-9,-29,-9,19,-2,-11,2,0,1,3,-3,6,4,-13,-1,11,-7,-10,2,-1,3,8,-6,-10,1,-5
,-25,39,17,-35,-10,-21,-67,-28,17,3,-2,-15,-42,-21,-4,-25,-9,18,1,-9,2,0,1,3,-2,7,6,-8,5,16,-5,-11,2,0,1,7,-5,-13,-3,-5,-30,43,18,-38,-5,-23,-83,-43,5,-12,-8,-15,-46,-24,-3,-27,-12,17,-3,-14,0,-1,2,3,0,12,12,-6,8,22,2,-3,6,0,6,17,2,-8,0,-6
,-31,53,22,-43,0,-14,-84,-45,0,-23,-5,6,-38,-32,-4,-21,-11,17,1,-8,2,0,1,3,-1,10,3,-16,3,20,-3,-9,0,-8,-1,12,-4,-12,1,-6,-34,54,25,-42,2,-6,-78,-43,3,-19,1,17,-30,-30,2,-12,-10,12,1,-8,3,1,1,3,0,6,2,-10,8,18,-2,-6,0,-8,1,11,-5,-12,1,-6
,-36,55,27,-43,3,-1,-67,-31,2,-30,0,25,-28,-32,4,-11,-13,11,1,-8,3,1,1,4,1,7,5,-5,7,13,-2,0,3,-8,1,9,-10,-13,1,-7,-41,56,29,-43,4,1,-65,-24,13,-25,-7,14,-33,-35,-6,-23,-17,15,6,-5,3,0,1,2,-1,10,7,-9,1,7,-7,3,12,-6,-4,6,-10,-12,4,-8
,-46,52,29,-42,0,-5,-69,-26,16,-23,-13,2,-42,-39,-8,-24,-20,10,3,-6,2,0,1,2,-1,11,9,-8,4,11,-6,3,14,-3,-2,11,-2,-8,4,-8,-50,52,32,-37,12,16,-47,-8,29,-14,-8,4,-44,-42,-7,-25,-25,5,2,-6,2,0,1,2,-1,6,1,-9,7,11,-6,7,18,-3,-4,10,-1,-7,3,-9
,-53,49,30,-39,14,25,-37,-8,22,-12,10,26,-30,-35,-1,-16,-19,6,-3,-10,1,0,1,3,0,6,1,-11,5,10,-8,2,14,-3,-2,10,-4,-10,3,-9,-56,45,25,-40,18,25,-41,-5,30,-10,6,24,-30,-34,3,-10,-16,2,-6,-10,1,0,1,3,-1,5,0,-11,10,16,-8,-4,10,-2,0,7,-7,-8,6,-9
,-58,44,27,-38,18,20,-48,-10,26,-18,-7,8,-39,-30,16,-3,-19,2,-1,-5,3,0,1,2,-2,5,3,-5,10,11,-12,-7,2,-9,-4,6,-4,0,13,-10,-60,43,24,-43,12,17,-45,-2,30,-21,-8,16,-33,-35,1,-14,-19,4,-4,-11,1,1,1,3,1,10,10,0,12,14,-4,6,16,-1,2,13,1,0,10,-10
,-61,45,26,-43,17,30,-32,3,32,-15,2,22,-33,-38,3,-10,-14,12,4,-7,1,0,1,4,0,9,9,-3,9,12,-9,-4,7,-4,0,12,1,-2,10,-10,-62,40,19,-46,19,30,-38,-4,23,-28,-7,26,-20,-21,18,-1,-11,13,5,-7,-1,-1,1,2,-2,6,6,-2,11,9,-14,-7,6,-5,1,12,0,1,13,-11
,-69,35,14,-50,21,31,-39,1,35,-17,-3,24,-28,-32,10,-7,-15,12,6,-8,-2,-1,1,1,-4,3,2,-7,3,0,-19,-7,5,-8,-2,5,-11,-8,7,-11,-71,36,19,-44,19,26,-40,7,44,-10,1,29,-15,-16,16,-8,-16,10,3,-9,-1,0,1,1,-3,4,2,-10,4,5,-15,-4,9,-7,-4,11,1,-1,8,-10
,-66,37,19,-45,15,22,-41,4,33,-24,-9,23,-20,-19,16,-9,-18,12,7,-9,-3,-1,1,0,-6,3,4,-5,7,7,-13,-3,9,-8,-7,8,2,2,9,-11,-68,35,18,-49,10,22,-39,-1,28,-22,-8,22,-18,-14,17,-13,-25,5,3,-8,0,0,0,0,-5,3,6,-4,1,1,-12,-3,4,-6,-2,1,-12,-5,8,-11
,-73,33,15,-55,3,15,-48,-11,17,-32,-15,16,-23,-23,6,-20,-24,9,3,-8,1,1,0,1,-3,4,3,-5,10,15,-2,0,3,-11,-3,10,-2,-2,7,-11,-72,37,21,-48,10,15,-50,-8,19,-37,-17,21,-23,-29,1,-20,-24,7,4,-5,2,0,0,0,-4,3,-2,-11,5,3,-21,-8,4,-12,-4,8,-6,-4,9,-11
,-70,37,21,-50,5,15,-40,3,29,-29,-9,32,-10,-21,9,-6,-11,11,2,-6,2,1,0,0,-4,4,0,-12,-2,-2,-18,-6,5,-11,-6,5,-2,1,10,-11,-73,34,19,-46,19,31,-35,4,31,-30,-14,27,-10,-13,17,-7,-18,7,2,-6,2,0,0,-1,-6,6,7,-10,-6,-3,-11,4,10,-15,-14,1,-6,-6,4,-11
,-74,36,17,-49,17,25,-43,6,43,-20,-13,22,-18,-17,25,3,-14,8,6,-4,2,1,0,0,-4,6,8,-4,0,-2,-15,-4,3,-11,-5,6,-7,-6,7,-11,-73,35,16,-51,15,25,-41,8,46,-15,-8,25,-18,-19,20,0,-13,12,7,-5,2,1,0,1,-3,5,3,-7,5,9,-11,-6,4,-8,-3,6,-4,-3,7,-11
,-73,36,17,-50,18,27,-42,1,32,-29,-12,29,-12,-12,26,-3,-20,9,7,-6,0,0,1,2,-2,6,6,-5,5,9,-6,0,8,-6,-1,8,-8,-10,3,-11,-73,37,19,-50,13,27,-35,10,43,-20,-16,17,-16,-11,22,-2,-13,10,3,-8,1,0,1,0,-2,7,4,-9,3,6,-7,4,11,-7,-2,7,-7,-6,4,-11
,-73,37,16,-55,14,32,-35,4,36,-20,-1,41,-4,-18,12,-4,-12,9,1,-9,0,0,1,1,-3,4,2,-8,5,5,-12,-1,9,-8,-3,8,-3,-3,5,-11,-73,32,12,-53,12,21,-46,1,42,-11,0,32,-11,-18,14,-4,-10,12,3,-7,2,1,0,0,-5,6,9,-1,10,10,-10,0,13,-3,-4,4,-6,-2,8,-11
,-74,34,19,-47,15,23,-46,-4,35,-18,-10,22,-12,-11,19,-4,-14,7,-2,-10,1,1,0,-1,-4,6,6,-6,3,1,-17,-3,11,-5,-4,6,-4,-3,6,-11,-74,37,20,-49,17,27,-43,-3,32,-21,-4,32,-8,-8,25,-4,-18,8,1,-10,0,1,0,-1,-5,2,1,-9,2,-1,-20,-7,6,-10,-7,9,2,-2,5,-11
,-75,34,15,-53,14,28,-38,7,44,-16,-10,25,-14,-15,21,-3,-19,4,0,-9,1,1,0,0,-3,4,3,-8,0,0,-15,-6,1,-17,-12,3,-4,-5,1,-11,-75,33,18,-48,16,26,-36,13,53,-4,0,28,-14,-18,13,-7,-16,7,-1,-9,-1,-1,1,0,-4,7,5,-12,-3,3,-10,-4,1,-12,-3,9,-4,-7,2,-11
,-75,35,19,-49,14,22,-49,-6,35,-17,-10,21,-19,-21,9,-13,-18,9,3,-7,1,0,1,2,-2,7,8,-6,2,9,-3,-1,3,-7,0,10,1,4,11,-11,-76,33,14,-49,23,36,-34,9,48,-11,-6,23,-20,-24,7,-17,-20,11,6,-6,2,1,1,1,-3,9,9,-10,-3,7,-6,-4,2,-12,-10,2,-4,-1,7,-11
,-79,32,15,-49,23,34,-42,2,46,-14,-16,16,-18,-21,8,-14,-20,6,1,-6,3,1,0,0,-3,8,10,-4,4,11,3,14,19,-1,0,9,0,1,9,-11,-75,37,18,-48,26,41,-34,3,38,-22,-15,23,-9,-11,17,-8,-18,6,0,-8,2,1,0,-1,-6,5,8,-4,2,3,-8,3,10,-4,1,9,-4,-1,10,-11
,-71,39,26,-37,27,37,-29,9,35,-27,-19,12,-26,-21,14,-9,-19,6,-2,-9,2,1,0,-2,-8,4,5,-13,-11,-7,-17,-5,9,1,4,8,-4,-1,7,-9,-71,29,29,-28,10,20,-16,20,32,-13,-1,6,-36,-22,2,-27,-20,12,-1,-10,3,1,1,-1,-9,3,8,-8,-5,3,-9,-4,7,1,3,8,-1,1,5,-10
,-74,31,30,-31,9,18,-27,5,18,-28,-15,1,-32,-14,12,-21,-20,11,-2,-14,-1,0,1,0,-8,2,7,-7,-2,3,-13,-8,5,-4,-3,6,0,-2,2,-11,-70,41,32,-36,17,23,-39,-2,26,-26,-12,19,-17,-17,6,-22,-25,4,-5,-12,1,1,0,0,-6,1,1,-13,-4,3,-11,-5,4,-10,-9,0,-7,-5,3,-11
,-71,40,30,-39,14,24,-35,4,34,-17,-8,13,-27,-19,15,-11,-18,9,2,-6,4,2,0,-1,-8,-1,3,-6,2,4,-11,0,10,-8,-11,-2,-5,0,8,-11,-71,36,20,-44,17,22,-45,-3,31,-23,-15,10,-29,-18,19,-6,-15,10,0,-9,1,0,1,-1,-8,1,3,-7,4,7,-8,5,14,-6,-2,11,-3,-6,6,-11
,-71,32,19,-38,25,26,-42,0,33,-25,-18,13,-21,-14,20,-7,-19,6,-1,-8,3,2,0,-2,-6,3,1,-13,1,10,-6,1,9,-8,-6,6,-5,-7,5,-11,-72,34,16,-45,22,28,-38,15,50,-22,-19,21,-15,-18,13,-14,-27,2,3,-6,2,1,0,-2,-7,2,1,-11,-2,3,-9,1,9,-6,-4,2,-11,-8,5,-11
,-72,36,18,-49,16,23,-43,11,52,-18,-20,20,-14,-26,2,-15,-23,2,0,-9,-1,0,0,0,-3,5,2,-9,3,4,-14,-6,8,-4,-4,3,-4,-1,8,-11,-73,40,25,-39,31,37,-38,10,48,-22,-22,20,-9,-12,16,-6,-15,9,4,-6,0,0,1,-1,-5,5,5,-5,8,5,-21,-10,9,-6,-8,5,-1,0,9,-11
,-76,37,21,-44,28,40,-32,7,38,-23,-10,26,-15,-13,25,3,-7,18,10,-4,2,1,0,-2,-8,3,2,-9,2,1,-20,-9,7,-6,-4,6,-5,-4,7,-11,-74,36,25,-40,15,26,-27,15,36,-23,-8,22,-16,-7,25,-5,-13,12,1,-9,3,1,0,-2,-7,6,8,-7,3,10,-6,-4,4,-3,6,13,-2,0,11,-9
,-74,26,26,-33,5,21,-11,19,28,-10,5,13,-18,3,16,-26,-19,17,1,-10,3,2,0,-1,-8,6,11,-5,0,6,-8,-4,9,4,8,11,-2,-1,7,-10,-76,27,24,-39,5,23,-17,13,29,-6,12,22,-16,2,24,-16,-19,12,-1,-10,3,1,1,0,-9,3,11,-2,5,11,-6,-4,7,0,3,8,-3,-1,7,-11
,-79,29,20,-47,8,23,-32,5,39,-4,0,15,-17,-1,26,-6,-14,8,-2,-7,5,2,0,-1,-7,4,8,-6,3,8,-13,-12,-3,-11,-7,3,-6,-5,4,-11,-76,30,17,-47,15,31,-30,5,37,-16,-17,0,-32,-19,15,-8,-10,17,6,-6,4,2,0,-1,-6,4,5,-9,0,6,-9,-6,-2,-16,-10,1,-6,-2,7,-11
,-77,32,20,-44,18,25,-40,4,37,-17,-6,21,-18,-12,17,-10,-11,21,8,-6,4,2,0,-1,-6,6,8,-5,4,11,-3,1,3,-16,-12,2,-4,0,9,-11,-74,35,21,-42,19,26,-34,15,49,-10,0,30,-13,-12,18,-7,-14,12,4,-7,2,1,0,0,-4,8,9,-6,3,7,-12,-7,1,-11,-4,7,-5,-4,7,-11
,-75,37,18,-53,15,27,-42,6,48,-9,-1,32,-14,-20,17,-2,-16,7,3,-5,3,1,0,1,-1,9,11,3,13,12,-7,2,12,-6,-3,11,2,-1,7,-11,-74,37,17,-53,17,33,-32,12,49,-8,1,31,-13,-14,20,-5,-16,10,3,-7,3,2,0,-1,-4,5,3,-8,4,9,-8,0,9,-8,-6,8,2,1,7,-11
,-75,39,25,-43,21,35,-29,12,42,-20,-11,25,-14,-15,18,-6,-18,8,2,-8,2,1,0,0,-3,5,4,-8,2,6,-13,-8,5,-4,-2,8,1,1,5,-12,-76,38,23,-45,23,37,-30,13,46,-18,-10,28,-15,-23,13,-1,-10,12,3,-8,2,1,0,0,-5,3,4,-6,4,9,-5,-1,4,-9,-3,6,-7,-6,6,-11
,-74,40,25,-44,24,37,-36,9,55,-3,-3,32,-2,-6,22,-1,-13,11,4,-8,0,0,0,1,-3,2,1,-7,6,9,-6,3,9,-9,-2,13,1,-4,5,-11,-75,39,23,-47,17,28,-34,20,54,-16,-7,40,4,-6,22,-1,-15,7,0,-10,0,0,0,1,-1,9,5,-10,2,9,-8,-6,0,-13,-5,9,-1,-2,7,-11
,-77,29,16,-51,5,21,-26,15,29,-31,-8,28,-12,-11,18,-9,-15,13,4,-7,4,2,0,0,-5,4,5,-8,3,11,-5,-5,-2,-15,-11,-4,-13,-7,5,-9,-76,22,25,-31,4,13,-23,6,14,-22,5,24,-10,5,24,-10,-10,14,-3,-11,4,2,0,1,-5,4,5,-11,0,13,-1,-2,6,-4,-4,3,-4,-1,6,-10
,-73,29,21,-42,8,22,-26,9,28,-15,4,25,-10,3,28,-9,-17,10,-3,-13,1,1,0,0,-8,1,4,-10,2,15,3,5,10,-8,-13,-3,-3,0,5,-11,-78,28,15,-53,2,20,-33,3,29,-26,-22,3,-24,-10,20,-6,-12,10,-2,-12,1,1,0,0,-5,4,5,-8,1,7,-6,2,13,-1,-4,0,-6,0,8,-11
,-74,33,21,-45,13,27,-27,16,46,-9,-1,25,-11,-3,29,1,-11,9,-1,-7,4,1,0,1,-4,5,6,-9,-2,3,-7,2,7,-6,0,7,-6,-3,6,-11,-71,40,19,-53,12,27,-37,10,48,-15,-12,25,-8,-12,16,-3,-10,10,0,-8,3,1,0,0,-5,6,6,-11,-5,0,-13,-5,2,-16,-11,8,3,-1,3,-11
,-75,35,15,-56,10,27,-37,7,44,-14,-6,27,-13,-15,18,-4,-14,11,2,-10,0,0,1,1,-3,6,6,-9,-2,2,-14,-8,3,-11,-11,2,0,4,9,-11,-75,35,18,-50,14,27,-33,14,50,-7,5,37,-5,-10,16,-17,-30,2,0,-9,-1,0,1,0,-4,7,5,-13,-7,-3,-16,-6,7,-3,-1,8,-1,1,9,-11
,-76,34,14,-54,15,29,-35,16,55,-11,-11,24,-9,-12,7,-22,-24,9,3,-8,1,0,1,0,-7,4,8,-3,2,1,-17,-8,2,-9,0,13,3,3,10,-11,-77,34,16,-53,13,24,-43,4,40,-20,-8,30,-7,-10,17,-12,-20,8,1,-10,0,0,1,-1,-7,4,6,-6,2,4,-15,-11,-6,-16,-3,11,-3,-3,8,-11
,-76,27,20,-40,9,19,-24,20,33,-24,-4,20,-26,-20,14,-9,-13,11,-2,-10,4,1,1,0,-8,5,14,-2,2,10,-1,1,6,-5,2,12,0,0,9,-10,-76,24,23,-35,5,17,-20,12,20,-22,2,18,-22,-11,12,-18,-14,13,-3,-10,3,0,2,2,-7,6,11,-8,-6,4,-8,-7,-3,-13,-8,1,-6,0,9