
3,
4,
7,
3,
0,
10,
10,
2,
-1,
1,
9,
10,
9,
2,
-1,
0,
1,
9,
11,
9,
10,
7,
0,
0,
1,
0,
2,
9,
10,
9,
10,
10,
10,
3,
-1,
1,
0,
0,
-1,
1,
9,
10,
9,
11,
10,
10,
10,
2,
0,
1,
0,
0,
0,
0,
-1,
9,
11,
9,
10,
11,
10,
9,
10,
10,
2,
8,
6,
5,
7,
1,
-1,
0,
0,
-1,
0,
0,
1,
0,
1,
0,
1,
1,
1,
1,
0,
0,
1,
1,
0,
0,
0,
0,
0,
0,
0,
0,
0,
0,
0,
1,
0,
0,
1,
-1,
0,
-1,
0,
0,
0,
0,
0,
0,
0,
0,
0,
0,
-1,
-2,
-2,
0,
1,
0,
0,
0,
0,
0,
-1,
0,
-1,
0,
0,
0,
-2,
2,
1,
1,
-2,
1,
2,
3,
-4,
-4,
1,
7,
1,
-2,
-8,
2,
2,
-7,
-3,
-34,
6,
24,
-1,
-32,
-3,
16,
12,
17,
5,
-1,
-7,
6,
34,
20,
30,
17,
18,
41,
-16,
4,
20,
34,
24,
34,
24,
19,
-11,
-56,
-28,
-7,
3,
38,
3,
-29,
-6,
-19,
-19,
-50,
-6,
-3,
59,
5,
-33,
-10,
-54,
-64,
-62,
55,
63,
27,
-38,
-4,
-10,
-18,
-2,
-32,
-7,
66,
88,
47,
-7,
-15,
35,
-28,
25,
32,
69,
79,
60,
5,
-33,
-20,
-84,
17,
20,
35,
53,
60,
-23,
-101,
-78,
-80,
-38,
-118,
-21,
100,
10,
-57,
-89,
-80,
-78,
-82,
38,
96,
48,
27,
21,
-69,
-42,
-26,
-27,
70,
89,
140,
42,
10,
-28,
-22,
23,
71,
99,
58,
70,
40,
97,
-51,
-57,
-10,
-15,
2,
-3,
50,
-36,
-89,
-126,
-34,
-89,
-61,
-15,
-52,
11,
-62,
32,
-5,
-79,
-62,
14,
79,
14,
79,
74,
49,
-1,
-58,
32,
43,
21,
40,
44,
4,
-41,
-36,
-59,
-30,
-12,
-10,
0,
18,
7,
-13,
-6,
-70,
-60,
-24,
-1,
48,
27,
-36,
-17,
-25,
-107,
-34,
3,
-11,
10,
-19,
8,
25,
-38,
-51,
35,
18,
31,
88,
106,
57,
1,
53,
55,
75,
59,
94,
127,
39,
-6,
-17,
-19,
-60,
-13,
26,
26,
24,
-47,
-38,
-62,
-83,
-41,
41,
75,
75,
93,
36,
7,
-55,
-76,
-4,
65,
95,
33,
48,
24,
-72,
-104,
-139,
-73,
12,
32,
38,
64,
-27,
-92,
-74,
-109,
10,
42,
68,
115,
63,
44,
-20,
-100,
-114,
-36,
-12,
51,
26,
-10,
-52,
-165,
-141,
-166,
-95,
-11,
-47,
-36,
-15,
-91,
-95,
-99,
-132,
6,
-2,
19,
81,
0,
-9,
-49,
-5,
108,
83,
74,
96,
30,
15,
21,
11,
99,
29,
47,
91,
-8,
-33,
-84,
-45,
47,
50,
59,
106,
-7,
-65,
-60,
-67,
31,
58,
83,
112,
31,
22,
1,
-35,
16,
24,
95,
114,
47,
-25,
-32,
-69,
-46,
-3,
37,
136,
47,
-3,
-41,
2,
87,
94,
144,
158,
130,
140,
103,
71,
166,
199,
190,
164,
84,
90,
117,
69,
135,
176,
187,
195,
66,
36,
59,
15,
20,
35,
80,
113,
0,
-109,
-232,
-352,
-389,
-426,
-425,
-448,
-599,
-684,
-802,
-992,
-903,
-888,
-814,
-541,
-537,
-499,
-357,
-369,
-273,
-100,
-14,
224,
351,
341,
451,
525,
475,
347,
242,
175,
145,
219,
252,
253,
312,
276,
219,
179,
80,
42,
128,
53,
147,
382,
355,
374,
327,
200,
113,
56,
32,
193,
350,
329,
430,
456,
400,
465,
480,
471,
584,
622,
523,
514,
481,
343,
229,
-25,
-172,
-118,
-170,
-294,
-327,
-269,
-233,
-107,
15,
195,
573,
858,
995,
1308,
1644,
1976,
2467,
2570,
2352,
2114,
1257,
340,
-264,
-1283,
-2056,
-2672,
-3532,
-4092,
-4574,
-5110,
-5064,
-4732,
-4832,
-4882,
-4864,
-4741,
-3991,
-3169,
-2343,
-1251,
65,
940,
1525,
2225,
2559,
3284,
3661,
3388,
3557,
4056,
4131,
4047,
3658,
2685,
2291,
1601,
757,
725,
507,
139,
-127,
-1030,
-1782,
-1762,
-1892,
-1697,
-1216,
-1067,
-710,
-289,
57,
601,
1096,
1286,
1525,
1934,
2179,
2579,
3139,
3454,
3309,
2620,
1461,
641,
466,
366,
454,
511,
204,
-296,
-952,
-1613,
-1550,
-1212,
-1285,
-1517,
-1964,
-2404,
-2509,
-2236,
-1694,
-876,
-366,
-442,
-609,
-811,
-875,
-496,
-142,
-149,
-123,
-251,
-319,
24,
222,
276,
204,
-453,
-1085,
-1217,
-933,
23,
1124,
1754,
2219,
2367,
2257,
2522,
2762,
2924,
2651,
1745,
369,
-1189,
-2450,
-3404,
-3750,
-4092,
-4683,
-5265,
-5472,
-5506,
-5375,
-5099,
-4894,
-3928,
-2906,
-2349,
-1439,
-204,
1239,
2809,
3693,
4278,
5139,
5524,
5197,
4637,
4049,
3916,
3776,
2903,
1931,
1091,
474,
109,
-104,
-24,
257,
233,
-284,
-1108,
-1662,
-1684,
-1404,
-876,
-392,
25,
476,
1028,
1602,
1997,
1927,
1577,
1407,
1310,
1526,
2029,
2775,
3552,
3362,
2076,
782,
42,
-242,
-279,
-666,
-824,
-956,
-1721,
-2350,
-2471,
-2079,
-1723,
-2043,
-2801,
-3274,
-3353,
-3018,
-2172,
-1091,
-193,
176,
193,
266,
546,
758,
707,
536,
27,
-665,
-942,
-784,
-145,
401,
417,
240,
17,
-6,
466,
1258,
2249,
3080,
3068,
2736,
2368,
1936,
1590,
968,
-143,
-1625,
-3300,
-4885,
-5894,
-6213,
-5931,
-5189,
-4240,
-3852,
-4031,
-3802,
-3384,
-2569,
-1344,
-716,
80,
1643,
2515,
3159,
4210,
4596,
5228,
5477,
4236,
3509,
3396,
2467,
1544,
473,
-956,
-1111,
-923,
-1198,
-655,
31,
-105,
-139,
-480,
-1042,
-302,
391,
208,
253,
96,
-89,
1015,
2181,
2675,
3198,
2599,
1654,
1583,
1465,
1811,
2974,
3506,
2994,
1843,
331,
-64,
706,
1022,
720,
128,
-805,
-1776,
-2375,
-2568,
-2120,
-1530,
-1981,
-2966,
-3451,
-3430,
-2690,
-1710,
-1244,
-943,
-822,
-977,
-489,
364,
793,
1127,
856,
201,
-299,
-825,
-861,
-146,
404,
628,
922,
1128,
1892,
2662,
3082,
3254,
3043,
2368,
1019,
-369,
-2055,
-3452,
-4383,
-5245,
-5763,
-5898,
-5930,
-5562,
-4496,
-4243,
-3875,
-3006,
-2356,
-1030,
-35,
219,
919,
1953,
2588,
3404,
4053,
4059,
4486,
4407,
3371,
2472,
2084,
1870,
1478,
580,
-1105,
-1866,
-1706,
-1622,
-813,
377,
1191,
1783,
1565,
585,
595,
891,
698,
795,
722,
596,
1026,
1468,
1753,
2019,
1611,
1032,
1231,
1481,
1719,
2189,
2481,
2435,
1678,
510,
51,
598,
1035,
942,
367,
-503,
-1157,
-1647,
-2004,
-2003,
-1860,
-2093,
-2555,
-3272,
-3613,
-3114,
-2262,
-1461,
-1047,
-868,
-582,
-116,
383,
847,
988,
884,
445,
-184,
-391,
-159,
523,
1375,
1746,
1933,
2205,
2462,
3024,
3110,
2505,
1387,
-261,
-2218,
-3948,
-5331,
-6209,
-6394,
-6691,
-6467,
-5713,
-4379,
-3021,
-1979,
-1235,
-785,
152,
684,
925,
1205,
1886,
2459,
2928,
3096,
2864,
3384,
3405,
2527,
1758,
1286,
660,
164,
-754,
-1917,
-1915,
-1627,
-1279,
-33,
1172,
2020,
2718,
2466,
1796,
1746,
1510,
947,
694,
-73,
-475,
-153,
147,
496,
794,
744,
832,
1338,
1510,
1896,
2247,
2420,
2289,
1628,
913,
687,
1029,
1216,
1098,
584,
22,
-275,
-575,
-1142,
-1571,
-1926,
-2198,
-2446,
-2806,
-2639,
-1950,
-1474,
-1230,
-918,
-638,
73,
668,
1073,
1244,
802,
204,
-131,
-283,
-284,
422,
1299,
2236,
2784,
2843,
3024,
2989,
2721,
1958,
761,
-1041,
-2987,
-4915,
-6681,
-7836,
-8659,
-8311,
-7299,
-5863,
-4493,
-3571,
-2389,
-962,
526,
1527,
1939,
1571,
1657,
1788,
1514,
1929,
2272,
2871,
3366,
2604,
1549,
1394,
1074,
348,
-470,
-1838,
-2152,
-1511,
-1081,
-210,
963,
2134,
3361,
3943,
3838,
3978,
3898,
2832,
1094,
-812,
-1830,
-1664,
-1120,
-803,
-1002,
-1253,
-957,
20,
1441,
2880,
3919,
4441,
4095,
2773,
1662,
1342,
1599,
1903,
1508,
670,
51,
-253,
-330,
-371,
-717,
-1097,
-1458,
-2184,
-2973,
-3430,
-3126,
-2310,
-1794,
-1541,
-1166,
-514,
267,
799,
845,
799,
596,
268,
109,
-189,
-126,
599,
1522,
2364,
2911,
3225,
3441,
3331,
2305,
798,
-1051,
-3213,
-5097,
-7089,
-8638,
-9503,
-9368,
-8299,
-6774,
-5406,
-3936,
-1811,
-17,
1535,
2248,
2477,
2637,
2677,
2236,
1855,
1597,
1218,
1729,
1757,
1472,
1771,
2097,
1880,
1210,
-341,
-1516,
-1490,
-1458,
-989,
-136,
446,
1389,
2502,
3076,
4054,
4798,
4693,
4029,
2444,
682,
18,
-354,
-792,
-1060,
-1722,
-1872,
-1224,
-182,
1356,
2814,
3526,
3740,
3229,
2089,
1250,
821,
600,
381,
-218,
-639,
-564,
-193,
349,
644,
612,
338,
-168,
-976,
-1742,
-2452,
-2690,
-2677,
-2915,
-2864,
-2433,
-1564,
-425,
380,
756,
1139,
1156,
1118,
1368,
1473,
1868,
2465,
2794,
3033,
3098,
2725,
2216,
1349,
-199,
-1763,
-3445,
-5463,
-7126,
-8425,
-9185,
-8944,
-8276,
-7473,
-5954,
-4161,
-2156,
33,
1341,
2116,
2905,
3165,
3126,
2997,
2235,
1696,
1404,
727,
666,
1287,
1642,
1852,
1575,
506,
-162,
-468,
-608,
-66,
365,
332,
500,
448,
587,
1595,
2478,
2900,
2914,
2272,
1769,
1731,
1412,
1188,
1002,
324,
-125,
-216,
30,
981,
2018,
2637,
2836,
2368,
1661,
1292,
959,
577,
120,
-561,
-1155,
-1459,
-1343,
-808,
-63,
598,
938,
906,
624,
360,
167,
-74,
-696,
-1502,
-2130,
-2480,
-2217,
-1606,
-878,
-93,
470,
722,
1031,
1403,
1838,
2363,
2546,
2512,
2304,
1833,
1204,
512,
-367,
-1296,
-2349,
-3656,
-4840,
-5818,
-6447,
-6615,
-6681,
-6733,
-6331,
-5614,
-4460,
-2989,
-1899,
-1077,
-186,
545,
1262,
1913,
1951,
1921,
1867,
1454,
1282,
1509,
1678,
2034,
2176,
1769,
1527,
1309,
1248,
1735,
2022,
1787,
1431,
699,
86,
84,
80,
120,
337,
379,
583,
914,
980,
1253,
1652,
1797,
1920,
1952,
2019,
2471,
2850,
2984,
2845,
2283,
1628,
1089,
537,
112,
-244,
-730,
-1144,
-1530,
-1676,
-1400,
-861,
-225,
276,
385,
285,
237,
187,
175,
-23,
-458,
-899,
-1280,
-1490,
-1327,
-923,
-448,
80,
448,
754,
1129,
1461,
1840,
2096,
1932,
1565,
1013,
252,
-394,
-1013,
-1714,
-2457,
-3278,
-3907,
-4129,
-4198,
-4307,
-4359,
-4411,
-4272,
-3793,
-3275,
-2847,
-2546,
-2406,
-2125,
-1544,
-1022,
-599,
-237,
-14,
202,
519,
791,
1067,
1395,
1495,
1481,
1427,
1448,
1895,
2565,
3009,
3175,
3044,
2821,
2744,
2602,
2213,
1650,
1056,
512,
134,
-158,
-371,
-337,
-193,
-58,
190,
579,
1166,
1958,
2616,
2855,
2744,
2399,
1965,
1578,
1097,
626,
330,
18,
-329,
-614,
-713,
-444,
33,
457,
696,
716,
604,
464,
316,
66,
-302,
-710,
-1124,
-1465,
-1704,
-1863,
-1861,
-1751,
-1664,
-1526,
-1311,
-1052,
-692,
-380,
-239,
-175,
-192,
-184,
-104,
-111,
-120,
-74,
-57,
-48,
-25,
125,
389,
453,
197,
-218,
-573,
-685,
-709,
-906,
-1235,
-1535,
-1573,
-1418,
-1328,
-1450,
-1711,
-1859,
-1934,
-2037,
-2111,
-2085,
-1954,
-1884,
-2027,
-2195,
-2012,
-1378,
-564,
7,
254,
469,
831,
1260,
1576,
1675,
1723,
1868,
1952,
1920,
1855,
1928,
2163,
2244,
2110,
1916,
1832,
2060,
2400,
2565,
2497,
2272,
2027,
1779,
1529,
1280,
1070,
932,
738,
369,
-42,
-202,
-27,
283,
483,
553,
615,
716,
821,
830,
728,
584,
380,
70,
-227,
-368,
-333,
-252,
-304,
-442,
-525,
-446,
-272,
-181,
-205,
-283,
-419,
-601,
-815,
-1029,
-1167,
-1232,
-1248,
-1306,
-1387,
-1332,
-1122,
-907,
-907,
-1129,
-1278,
-1207,
-1197,
-1528,
-2087,
-2514,
-2600,
-2508,
-2532,
-2734,
-2915,
-2905,
-2770,
-2570,
-2279,
-1904,
-1535,
-1377,
-1485,
-1650,
-1589,
-1204,
-690,
-388,
-271,
-53,
407,
1064,
1704,
2196,
2623,
3066,
3405,
3459,
3288,
3121,
3076,
3023,
2859,
2694,
2700,
2929,
3197,
3317,
3240,
3013,
2702,
2281,
1863,
1564,
1355,
1145,
905,
604,
294,
113,
122,
200,
124,
-128,
-453,
-712,
-835,
-939,
-1029,
-1050,
-1018,
-936,
-864,
-698,
-365,
-1,
204,
215,
206,
297,
477,
557,
457,
223,
-121,
-499,
-887,
-1249,
-1462,
-1538,
-1621,
-1743,
-1844,
-1789,
-1517,
-1161,
-959,
-1039,
-1231,
-1224,
-1031,
-1019,
-1346,
-1791,
-2064,
-2082,
-2051,
-2212,
-2456,
-2526,
-2477,
-2373,
-2184,
-1948,
-1620,
-1338,
-1298,
-1462,
-1589,
-1369,
-845,
-291,
4,
38,
130,
387,
766,
1143,
1412,
1712,
2164,
2592,
2785,
2852,
2999,
3222,
3261,
3065,
2803,
2719,
2855,
2903,
2699,
2358,
2128,
2059,
2018,
2002,
1980,
1901,
1773,
1568,
1277,
930,
634,
572,
662,
600,
286,
-99,
-283,
-288,
-396,
-793,
-1287,
-1600,
-1816,
-1989,
-2015,
-1856,
-1537,
-1199,
-926,
-647,
-241,
242,
623,
785,
761,
593,
360,
116,
-193,
-511,
-735,
-766,
-674,
-726,
-956,
-1094,
-882,
-451,
-327,
-665,
-1083,
-1196,
-1118,
-1334,
-1882,
-2421,
-2576,
-2403,
-2336,
-2604,
-2915,
-2856,
-2523,
-2143,
-1858,
-1634,
-1291,
-977,
-966,
-1246,
-1393,
-1074,
-463,
-1,
47,
-88,
1,
328,
649,
831,
927,
1178,
1606,
1909,
1933,
1969,
2380,
2940,
3159,
2946,
2671,
2751,
3111,
3282,
3044,
2585,
2224,
1982,
1724,
1577,
1611,
1781,
1902,
1786,
1528,
1253,
1120,
1167,
1129,
951,
595,
189,
-99,
-327,
-548,
-893,
-1163,
-1299,
-1484,
-1635,
-1676,
-1515,
-1304,
-1295,
-1313,
-1200,
-905,
-551,
-349,
-218,
-102,
14,
76,
55,
-37,
-207,
-401,
-577,
-671,
-677,
-730,
-779,
-679,
-426,
-152,
-154,
-364,
-545,
-701,
-921,
-1336,
-1893,
-2403,
-2681,
-2746,
-2910,
-3235,
-3416,
-3238,
-2789,
-2259,
-1823,
-1506,
-1231,
-1038,
-1043,
-1115,
-898,
-439,
107,
441,
413,
371,
551,
924,
1229,
1335,
1419,
1642,
1912,
2053,
2062,
2186,
2531,
2795,
2673,
2331,
2203,
2461,
2862,
2989,
2712,
2249,
1930,
1704,
1603,
1707,
1818,
1867,
1809,
1603,
1319,
1113,
1151,
1299,
1264,
986,
555,
218,
33,
-168,
-476,
-793,
-973,
-1133,
-1390,
-1581,
-1564,
-1376,
-1259,
-1372,
-1469,
-1403,
-1237,
-1064,
-936,
-798,
-666,
-579,
-474,
-384,
-384,
-449,
-539,
-570,
-555,
-526,
-526,
-542,
-473,
-316,
-108,
-42,
-201,
-485,
-726,
-791,
-883,
-1225,
-1792,
-2293,
-2532,
-2714,
-3016,
-3344,
-3397,
-3118,
-2693,
-2306,
-2029,
-1691,
-1278,
-976,
-852,
-749,
-431,
64,
497,
645,
518,
486,
781,
1197,
1519,
1763,
2034,
2419,
2741,
2809,
2744,
2871,
3162,
3153,
2788,
2390,
2241,
2342,
2475,
2450,
2169,
1809,
1528,
1402,
1544,
1715,
1695,
1595,
1469,
1247,
885,
657,
696,
707,
525,
163,
-172,
-282,
-302,
-411,
-622,
-710,
-724,
-944,
-1244,
-1345,
-1222,
-1078,
-1129,
-1361,
-1514,
-1443,
-1293,
-1171,
-993,
-750,
-534,
-402,
-317,
-293,
-306,
-334,
-451,
-597,
-688,
-722,
-760,
-846,
-930,
-901,
-666,
-362,
-267,
-422,
-526,
-428,
-425,
-702,
-1197,
-1668,
-1885,
-2069,
-2408,
-2878,
-3141,
-3021,
-2751,
-2319,
-1952,
-1744,
-1469,
-1126,
-867,
-758,
-562,
-183,
207,
430,
311,
159,
429,
945,
1367,
1610,
1910,
2388,
2761,
2941,
3001,
3126,
3364,
3317,
2919,
2470,
2228,
2205,
2230,
2278,
2202,
1959,
1756,
1656,
1694,
1826,
1842,
1720,
1535,
1276,
898,
556,
520,
555,
373,
66,
-177,
-151,
-42,
-105,
-338,
-525,
-540,
-708,
-1023,
-1212,
-1180,
-1140,
-1330,
-1634,
-1858,
-1823,
-1626,
-1465,
-1287,
-1055,
-839,
-671,
-570,
-507,
-464,
-412,
-410,
-594,
-917,
-1255,
-1420,
-1397,
-1404,
-1450,
-1339,
-962,
-376,
17,
63,
7,
10,
159,
141,
-183,
-744,
-1409,
-1822,
-2071,
-2305,
-2569,
-2631,
-2269,
-1891,
-1623,
-1471,
-1282,
-762,
-307,
-246,
-434,
-454,
-140,
52,
15,
-23,
86,
523,
974,
1258,
1512,
1838,
2265,
2500,
2709,
2976,
3055,
3050,
2890,
2561,
2201,
1945,
1936,
2092,
2349,
2396,
2143,
1925,
1797,
1718,
1639,
1610,
1626,
1477,
1078,
451,
-44,
8,
311,
404,
242,
70,
12,
-3,
-34,
-217,
-484,
-731,
-1065,
-1467,
-1686,
-1669,
-1612,
-1586,
-1589,
-1598,
-1507,
-1333,
-1157,
-1038,
-999,
-1006,
-1060,
-1089,
-1071,
-1047,
-966,
-799,
-703,
-728,
-793,
-778,
-652,
-546,
-509,
-592,
-625,
-506,
-323,
-62,
48,
-31,
-113,
-132,
-36,
-150,
-624,
-1201,
-1597,
-1673,
-1713,
-1935,
-2124,
-1975,
-1661,
-1476,
-1221,
-864,
-470,
-87,
1,
-194,
-366,
-279,
-133,
-23,
236,
450,
631,
880,
1110,
1355,
1617,
1920,
2119,
2218,
2421,
2514,
2485,
2419,
2258,
2095,
1932,
1918,
2025,
2154,
2329,
2244,
1946,
1754,
1669,
1616,
1524,
1413,
1282,
1066,
723,
237,
-93,
16,
220,
135,
-115,
-308,
-388,
-394,
-468,
-639,
-805,
-937,
-1187,
-1489,
-1547,
-1450,
-1418,
-1479,
-1595,
-1668,
-1710,
-1745,
-1738,
-1702,
-1639,
-1608,
-1647,
-1613,
-1333,
-883,
-450,
-60,
260,
453,
525,
455,
237,
75,
13,
-133,
-379,
-708,
-877,
-755,
-462,
-209,
-42,
137,
332,
579,
588,
270,
-146,
-546,
-944,
-1310,
-1833,
-2579,
-2923,
-2849,
-2716,
-2330,
-1762,
-1248,
-466,
155,
198,
316,
677,
1079,
1374,
1416,
1281,
1248,
1169,
947,
971,
1077,
1312,
1720,
1791,
1930,
2331,
2411,
2349,
2364,
2288,
2171,
2124,
2060,
1981,
2146,
2148,
1669,
1325,
1186,
988,
851,
732,
467,
161,
-153,
-534,
-711,
-653,
-387,
48,
336,
445,
518,
401,
254,
212,
-201,
-863,
-1437,
-2078,
-2606,
-2848,
-3038,
-3142,
-2997,
-2719,
-2515,
-2396,
-2017,
-1604,
-1332,
-993,
-822,
-635,
-31,
756,
1600,
2509,
3333,
4145,
4683,
4665,
4152,
3182,
1799,
351,
-1351,
-3464,
-5456,
-7052,
-7807,
-7599,
-6882,
-6287,
-5352,
-3727,
-1514,
633,
1883,
2513,
3147,
3906,
3972,
3366,
2088,
848,
670,
492,
-518,
-441,
396,
498,
921,
589,
-486,
-191,
294,
-308,
-381,
-228,
-43,
739,
912,
1183,
2557,
3350,
3484,
3493,
2746,
2830,
3316,
2219,
788,
85,
-649,
-1079,
-1066,
-975,
-247,
1368,
2677,
2651,
2370,
2376,
2147,
2003,
1601,
285,
-886,
-1791,
-2836,
-3247,
-3275,
-3180,
-2616,
-2331,
-2252,
-1828,
-1677,
-1549,
-1078,
-1167,
-1560,
-1228,
-633,
-287,
140,
742,
990,
1095,
987,
-23,
-913,
-1089,
-1743,
-2640,
-3158,
-3668,
-3347,
-2147,
-1076,
369,
2356,
4268,
6117,
7238,
7796,
7886,
6876,
5362,
3058,
-167,
-2860,
-5065,
-7160,
-8285,
-9189,
-9053,
-7091,
-5072,
-3286,
-1514,
-6,
2037,
4147,
4348,
3773,
3294,
2798,
2388,
1405,
-161,
-1204,
-698,
-72,
-826,
-1253,
-438,
-417,
-405,
-672,
-2174,
-1905,
-279,
-17,
488,
1837,
3000,
4760,
5497,
4808,
4928,
4734,
3129,
1293,
-1207,
-2736,
-2483,
-3392,
-4677,
-4295,
-3155,
-1405,
733,
2042,
3378,
5242,
6341,
5761,
4258,
2758,
1106,
-598,
-2047,
-3303,
-4008,
-4260,
-4589,
-4339,
-3659,
-2696,
-1589,
-1441,
-1322,
-422,
-228,
-96,
474,
74,
114,
960,
762,
558,
920,
589,
298,
-177,
-1551,
-2461,
-2976,
-3441,
-3155,
-2763,
-2241,
-1081,
-167,
981,
2770,
4118,
5143,
6054,
6363,
6514,
6450,
5818,
4940,
3571,
1813,
-96,
-2395,
-4466,
-5522,
-6691,
-7709,
-7631,
-6931,
-5078,
-2397,
-977,
-640,
1025,
2755,
3854,
4378,
3029,
1374,
1357,
814,
-1065,
-2233,
-3334,
-2818,
-1302,
-2455,
-3380,
-933,
542,
679,
1111,
-435,
-308,
2562,
2382,
1020,
2464,
3355,
3907,
4093,
1994,
1602,
2495,
14,
-3029,
-4399,
-4746,
-2769,
-1895,
-3186,
-1888,
1014,
2444,
3778,
4822,
5607,
7404,
8029,
5508,
2463,
1033,
-820,
-3179,
-4391,
-5422,
-5750,
-4716,
-4575,
-4493,
-2856,
-1339,
145,
1542,
1174,
1270,
1932,
1234,
805,
359,
-956,
-911,
-269,
-1592,
-2291,
-1233,
-928,
-1330,
-1258,
-1901,
-2413,
-1293,
-985,
-1278,
-94,
1095,
1621,
2346,
2362,
2919,
4481,
4263,
3316,
3441,
3510,
3540,
3299,
2856,
2964,
2487,
1249,
-498,
-2389,
-3284,
-4039,
-5228,
-5602,
-6303,
-6034,
-3832,
-2874,
-1705,
-301,
-8,
1678,
3427,
2552,
1903,
905,
-785,
-18,
-275,
-2042,
-1812,
-703,
-908,
-1885,
-2507,
-1426,
-31,
-164,
-939,
-2339,
-1892,
737,
1595,
1155,
2678,
4779,
5677,
4766,
2678,
2014,
1823,
-213,
-3239,
-5235,
-4417,
-1904,
-1612,
-1908,
-179,
1945,
3518,
4390,
4523,
5269,
6612,
6507,
4246,
1597,
439,
-641,
-2654,
-3914,
-4284,
-4567,
-4160,
-4125,
-4323,
-3067,
-1308,
-163,
514,
893,
783,
926,
1362,
1419,
969,
506,
493,
707,
194,
-817,
-590,
-678,
-1910,
-2532,
-3121,
-3593,
-2417,
-1689,
-1843,
-67,
1768,
2139,
2798,
3171,
3428,
4404,
3775,
2335,
2255,
1949,
1549,
1456,
1065,
1862,
2856,
2464,
2096,
1424,
451,
-511,
-2921,
-4570,
-4587,
-5746,
-6247,
-5914,
-5648,
-2628,
529,
106,
44,
1139,
1093,
1824,
1021,
-1943,
-2127,
-452,
-940,
-1360,
-1531,
-2523,
-670,
-233,
-3866,
-3417,
-255,
-764,
-279,
-297,
-2192,
1551,
4946,
2897,
3957,
6483,
5841,
5336,
2389,
-880,
603,
323,
-3305,
-4617,
-4672,
-3078,
-125,
-370,
-393,
2788,
4659,
4480,
4805,
5272,
6027,
7009,
5953,
3155,
2102,
1417,
-1704,
-3867,
-4493,
-5839,
-5777,
-5246,
-5853,
-4198,
-1851,
-698,
980,
1686,
1821,
2814,
2701,
1821,
1153,
145,
-71,
-300,
-1140,
-1868,
-2598,
-2422,
-2977,
-4596,
-3663,
-2748,
-3208,
-1022,
313,
418,
3291,
3961,
2392,
3381,
3553,
2583,
2434,
782,
-302,
-115,
-1397,
-2237,
-1523,
-594,
646,
2128,
3266,
4449,
5307,
5109,
4069,
2370,
635,
-1588,
-3783,
-5160,
-6279,
-6761,
-6551,
-6317,
-5268,
-2887,
-2715,
-3042,
-1190,
-111,
1078,
2065,
1040,
1241,
2926,
1806,
582,
-5,
-1491,
-510,
-512,
-3638,
-3368,
-155,
157,
-89,
-275,
-798,
1970,
4314,
2728,
2895,
5547,
5779,
4294,
2251,
674,
1289,
953,
-2498,
-4182,
-2784,
-949,
482,
239,
71,
2377,
3797,
2781,
3220,
4758,
5781,
6273,
4774,
2465,
1678,
681,
-1916,
-3954,
-4741,
-5782,
-6354,
-5905,
-5821,
-4659,
-2251,
-824,
370,
1754,
1980,
2390,
2756,
1585,
1047,
780,
-314,
-844,
-1853,
-3378,
-3136,
-2810,
-4100,
-4685,
-4101,
-3345,
-2026,
-555,
461,
2430,
4675,
4255,
3241,
3472,
2956,
2476,
1724,
-217,
-575,
-565,
-2160,
-2768,
-2442,
-1695,
11,
864,
1708,
3603,
4875,
5867,
5649,
4476,
4144,
2976,
921,
-1244,
-3949,
-5642,
-5928,
-7253,
-7896,
-7492,
-7151,
-4682,
-2159,
-954,
72,
1558,
3266,
4620,
4639,
2892,
1209,
1340,
1346,
-645,
-721,
-839,
-1735,
-965,
-3393,
-5978,
-2383,
380,
166,
1824,
2245,
3500,
6694,
5538,
3680,
5954,
6271,
3686,
1345,
-1081,
-783,
404,
-2572,
-5381,
-4078,
-2332,
-763,
43,
103,
2180,
3753,
2268,
1300,
3054,
4856,
4847,
3451,
1580,
280,
-327,
-2550,
-4964,
-4757,
-4538,
-5340,
-5289,
-5246,
-4152,
-1516,
-557,
153,
1174,
1440,
2107,
2295,
1244,
767,
553,
-268,
-446,
-2042,
-3498,
-2719,
-2694,
-3049,
-2568,
-2602,
-1715,
530,
121,
90,
2949,
4175,
3952,
3909,
2500,
1821,
2333,
263,
-1327,
-418,
-719,
-1431,
-1731,
-2908,
-1740,
665,
560,
967,
2510,
3127,
4058,
4824,
4623,
5352,
5215,
3750,
2877,
1269,
9,
-1650,
-4428,
-5612,
-6123,
-6762,
-6684,
-6876,
-6345,
-3259,
-1068,
571,
1754,
1966,
2784,
2397,
1851,
1121,
528,
1033,
758,
-1129,
-1305,
-1271,
-1739,
-1229,
-2999,
-4115,
-1893,
442,
1333,
2298,
2273,
2333,
3159,
2552,
1736,
3255,
4506,
2822,
647,
-1187,
-1291,
200,
-521,
-3349,
-3370,
-1929,
-1210,
-311,
253,
1707,
3244,
1802,
-156,
964,
2977,
4347,
3821,
2141,
1381,
711,
-927,
-2232,
-2131,
-1596,
-1902,
-2931,
-3141,
-2187,
-895,
-677,
-751,
-76,
327,
-125,
-336,
-66,
223,
461,
-39,
-867,
-621,
-715,
-1300,
-781,
-1266,
-1740,
-1006,
-1116,
-1416,
-472,
-9,
294,
1550,
2070,
1821,
1999,
1773,
327,
28,
-34,
-400,
459,
295,
-459,
583,
384,
-593,
66,
-246,
-224,
1107,
1095,
1458,
3093,
3505,
4215,
4374,
3258,
2746,
2002,
619,
-193,
-921,
-1747,
-2437,
-4116,
-5395,
-6311,
-6193,
-5719,
-5638,
-4217,
-1791,
495,
2156,
1362,
348,
1363,
927,
606,
328,
-266,
1221,
1780,
-698,
-1354,
-1339,
-1676,
-867,
-2905,
-3781,
56,
2299,
1597,
2101,
1957,
2714,
3942,
1639,
800,
3685,
4429,
2608,
792,
-946,
177,
1244,
-1488,
-3308,
-1839,
-1044,
-1141,
-1098,
-411,
1762,
2570,
662,
-131,
1927,
3686,
4064,
3537,
2761,
1973,
767,
-1430,
-2824,
-2080,
-1610,
-2174,
-2556,
-2404,
-1491,
-771,
-1025,
-1120,
-1440,
-1628,
-895,
-142,
237,
1052,
1402,
1412,
1230,
327,
376,
868,
110,
-1560,
-2665,
-3241,
-2005,
-767,
-1096,
-105,
1453,
1363,
446,
-91,
-50,
981,
1017,
550,
1236,
2107,
2135,
1105,
-695,
-1894,
-1595,
-1767,
-2280,
-1535,
-678,
-412,
356,
696,
1060,
1978,
1768,
1052,
909,
876,
1835,
3258,
3819,
4027,
2852,
755,
-1626,
-3861,
-5466,
-5945,
-5206,
-4119,
-3486,
-3243,
-2878,
-3049,
-1720,
-977,
-1984,
-931,
699,
2033,
3310,
2564,
1890,
3184,
2567,
735,
402,
76,
595,
605,
-2132,
-3024,
428,
2626,
1741,
880,
89,
349,
788,
-758,
365,
4712,
5739,
3564,
911,
-876,
772,
1503,
-1632,
-2502,
-863,
-467,
-660,
-575,
953,
3020,
1743,
-1891,
-2673,
-360,
1945,
3239,
3494,
3284,
2530,
463,
-1703,
-1701,
-418,
-343,
-1206,
-1960,
-2174,
-1768,
-1439,
-1580,
-1666,
-2324,
-3219,
-2850,
-1960,
-712,
696,
1551,
1344,
344,
-627,
-770,
-84,
92,
-204,
-226,
260,
243,
-448,
-838,
-626,
-978,
-2069,
-2425,
-2108,
-1114,
220,
1148,
2177,
3214,
3039,
1466,
-189,
-687,
-899,
-825,
615,
1878,
2160,
1936,
805,
-321,
-1041,
-2145,
-2110,
-1179,
-386,
748,
1441,
2220,
3195,
2699,
1642,
1577,
1721,
2153,
2601,
2355,
2078,
979,
-1317,
-3157,
-4157,
-4740,
-5266,
-5668,
-4904,
-3565,
-1666,
-462,
-1149,
-1537,
-1479,
-1055,
335,
1513,
2841,
4991,
4558,
2354,
958,
-111,
258,
611,
-729,
-1129,
631,
786,
-511,
-881,
-1129,
-989,
-672,
-1005,
632,
4146,
4598,
2846,
1247,
-260,
-252,
-184,
-808,
457,
1748,
924,
42,
157,
822,
1023,
-355,
-1927,
-1482,
35,
1241,
2555,
3975,
3723,
1475,
-1489,
-3600,
-3100,
-1624,
-1171,
-566,
-172,
-1335,
-2298,
-2782,
-2689,
-1708,
-1696,
-1799,
-865,
-13,
622,
1730,
2201,
1683,
495,
-862,
-860,
401,
1208,
1056,
999,
203,
-1391,
-2429,
-2669,
-1785,
-548,
-109,
65,
490,
674,
646,
519,
184,
-14,
-89,
78,
730,
1476,
1921,
1959,
1441,
339,
-388,
-526,
-444,
-177,
-324,
-308,
285,
453,
20,
-217,
-257,
-360,
-239,
273,
1381,
2743,
3206,
2732,
2145,
1316,
327,
-261,
-284,
152,
407,
-681,
-2307,
-3435,
-4525,
-5127,
-4632,
-3741,
-3026,
-1952,
-1782,
-1851,
-1203,
-1104,
-703,
426,
875,
993,
2012,
2113,
1941,
2188,
1239,
702,
1183,
844,
901,
1865,
1217,
565,
451,
-658,
-490,
500,
477,
1295,
1701,
456,
454,
941,
565,
1281,
1631,
887,
1269,
1022,
167,
831,
1006,
354,
669,
260,
-20,
1224,
1437,
1387,
1598,
170,
-1420,
-1839,
-2315,
-1269,
383,
144,
-235,
-749,
-1640,
-1840,
-1755,
-1823,
-955,
-491,
-987,
-915,
-554,
67,
161,
-462,
-775,
-412,
-225,
165,
870,
981,
703,
-556,
-2118,
-2132,
-1341,
-725,
152,
310,
-282,
-742,
-1572,
-1836,
-922,
-352,
215,
813,
698,
862,
966,
740,
941,
1092,
777,
640,
568,
318,
286,
15,
-557,
-818,
-892,
-829,
-477,
-27,
184,
557,
760,
669,
1369,
1773,
2062,
2423,
2137,
1772,
1644,
1332,
837,
701,
-415,
-1547,
-2012,
-2535,
-2773,
-2540,
-2162,
-2275,
-2285,
-2997,
-3421,
-2190,
-1163,
-554,
354,
462,
53,
247,
-129,
99,
1619,
2045,
2432,
2846,
2067,
1825,
1844,
1192,
1329,
2063,
2204,
2667,
2590,
1370,
903,
449,
-525,
-648,
-311,
-84,
337,
-177,
-1378,
-1354,
-1510,
-1933,
-1203,
-659,
-173,
232,
-249,
-226,
609,
647,
534,
755,
263,
136,
115,
-84,
261,
382,
22,
-432,
-669,
-987,
-904,
-494,
-328,
-357,
-621,
-814,
-1058,
-1092,
-1199,
-1125,
-684,
-699,
-763,
-824,
-796,
-720,
-751,
-750,
-608,
-86,
438,
752,
792,
703,
595,
381,
160,
-29,
234,
595,
684,
700,
541,
446,
104,
-302,
-377,
-280,
10,
157,
212,
332,
405,
122,
-86,
-123,
-314,
-95,
21,
-40,
-69,
-406,
-612,
-397,
-92,
-138,
-57,
41,
8,
242,
431,
757,
1383,
1915,
1899,
1673,
1429,
903,
715,
480,
27,
-69,
-401,
-761,
-1119,
-1537,
-1605,
-1457,
-1509,
-1550,
-1233,
-1101,
-926,
-1068,
-1198,
-643,
-299,
-116,
145,
227,
272,
593,
564,
453,
1018,
1122,
1055,
1323,
1125,
1312,
1834,
1467,
1251,
1622,
1095,
556,
324,
-325,
-39,
205,
-274,
-88,
-23,
-543,
-686,
-940,
-1331,
-879,
-822,
-1032,
-514,
-381,
-371,
-251,
-437,
-369,
28,
-42,
29,
765,
860,
767,
802,
468,
485,
625,
463,
710,
1122,
745,
283,
-23,
-569,
-561,
-401,
-501,
-374,
-361,
-683,
-980,
-1216,
-1467,
-1261,
-930,
-874,
-648,
-451,
-447,
-332,
-191,
-127,
117,
328,
303,
475,
506,
374,
419,
265,
119,
60,
-57,
-185,
-283,
-510,
-629,
-466,
-500,
-328,
-224,
-432,
-447,
-445,
-561,
-612,
-475,
-512,
-247,
-18,
-298,
-237,
-214,
-333,
-352,
-296,
-32,
607,
1059,
1106,
1410,
1432,
1118,
833,
740,
1043,
1508,
1593,
1378,
1147,
768,
363,
174,
238,
400,
741,
719,
234,
-137,
-331,
-607,
-749,
-661,
-513,
-301,
-279,
-546,
-684,
-513,
-579,
-637,
-643,
-615,
-413,
-400,
-686,
-813,
-488,
-207,
200,
606,
855,
1210,
1186,
742,
662,
752,
695,
791,
707,
543,
533,
231,
-228,
-246,
-188,
-340,
-467,
-640,
-709,
-564,
-552,
-570,
-202,
2,
4,
130,
114,
224,
339,
179,
202,
461,
447,
132,
-98,
-230,
-178,
-119,
-111,
-2,
20,
-245,
-690,
-917,
-1014,
-1089,
-1017,
-742,
-472,
-406,
-480,
-778,
-892,
-691,
-785,
-640,
-166,
-13,
-180,
-151,
-161,
-382,
-145,
32,
144,
320,
342,
213,
44,
-106,
-54,
216,
130,
53,
229,
152,
-240,
-318,
33,
242,
335,
671,
790,
599,
263,
-77,
-215,
-125,
34,
213,
455,
393,
586,
644,
268,
377,
784,
785,
667,
641,
631,
671,
327,
380,
896,
957,
811,
814,
681,
462,
353,
312,
450,
602,
551,
505,
268,
-176,
-288,
-337,
-400,
-439,
-322,
-246,
-547,
-856,
-860,
-829,
-862,
-705,
-497,
-220,
-264,
-483,
-498,
-384,
-478,
-504,
-352,
-369,
-410,
-593,
-695,
-628,
-513,
-411,
-183,
-144,
-193,
-177,
-301,
-355,
-187,
70,
237,
320,
322,
330,
159,
75,
86,
285,
469,
508,
529,
535,
412,
180,
151,
74,
139,
153,
110,
-1,
1,
-31,
-76,
49,
19,
83,
-31,
-196,
-360,
-382,
-288,
-105,
98,
185,
399,
267,
86,
-38,
-235,
-144,
4,
44,
-1,
88,
7,
-129,
-228,
-456,
-228,
-31,
-118,
-111,
36,
128,
99,
-27,
5,
154,
-23,
-88,
-132,
-316,
-302,
-100,
-194,
-322,
-144,
-25,
-24,
-323,
-253,
193,
251,
158,
342,
482,
488,
392,
169,
374,
367,
188,
249,
8,
-280,
-51,
-39,
-406,
-32,
326,
293,
290,
49,
28,
221,
-15,
-171,
204,
334,
310,
299,
172,
186,
151,
191,
144,
204,
286,
306,
200,
87,
235,
303,
329,
223,
298,
189,
34,
-120,
-281,
-188,
-204,
-189,
-128,
-201,
-308,
-303,
-504,
-606,
-534,
-510,
-437,
-376,
-463,
-342,
-226,
-274,
-194,
-180,
-96,
-87,
-150,
-132,
-70,
-27,
110,
117,
208,
267,
172,
70,
38,
106,
68,
115,
45,
140,
-57,
-194,
-218,
-402,
-305,
-229,
-83,
16,
68,
-15,
48,
-36,
-216,
-43,
-67,
-116,
-1,
-111,
-130,
-1,
-86,
-117,
56,
119,
123,
366,
230,
147,
340,
251,
193,
130,
101,
115,
180,
64,
-17,
-178,
-287,
-42,
-235,
-305,
-97,
-118,
8,
117,
-5,
245,
293,
34,
212,
326,
247,
302,
284,
147,
241,
231,
146,
159,
100,
176,
309,
152,
-45,
-2,
-28,
-119,
-85,
-5,
-23,
31,
-57,
-89,
53,
-57,
-144,
6,
86,
11,
16,
-82,
-131,
-158,
-174,
-146,
-88,
38,
-31,
75,
168,
105,
81,
82,
-3,
-89,
43,
25,
10,
33,
93,
327,
334,
129,
90,
24,
-121,
-197,
-435,
-395,
-310,
-415,
-365,
-367,
-399,
-372,
-353,
-398,
-317,
-164,
-91,
-103,
-119,
-59,
52,
-14,
-91,
-50,
-56,
-52,
-115,
-142,
-79,
-31,
11,
216,
248,
314,
347,
383,
414,
372,
343,
198,
211,
95,
148,
-18,
-41,
54,
21,
2,
-10,
181,
60,
15,
19,
180,
222,
205,
212,
185,
251,
148,
43,
-94,
-193,
-66,
15,
-201,
-102,
-109,
-251,
-281,
-290,
-383,
-134,
96,
-150,
99,
258,
358,
238,
73,
-33,
106,
152,
-236,
-157,
-156,
-156,
-88,
-178,
-402,
-133,
28,
-263,
-176,
27,
33,
37,
35,
-261,
-128,
63,
-85,
-117,
26,
242,
326,
150,
56,
139,
133,
133,
80,
148,
246,
396,
387,
140,
-107,
-4,
53,
-242,
-94,
23,
23,
59,
-63,
-149,
17,
45,
-110,
-59,
-40,
-26,
-82,
-177,
-286,
-367,
-328,
-298,
-417,
-418,
-289,
-365,
-220,
-220,
-235,
-18,
-152,
-92,
96,
-35,
-18,
218,
182,
179,
211,
142,
383,
308,
204,
470,
554,
587,
502,
495,
606,
456,
313,
396,
430,
487,
692,
502,
334,
248,
-54,
-79,
-88,
-104,
-2,
41,
-72,
-209,
-186,
-231,
-492,
-529,
-403,
-391,
-214,
-241,
-374,
-348,
-394,
-503,
-314,
-344,
-378,
-7,
-151,
-229,
-221,
-232,
-330,
-464,
-329,
-174,
-173,
-121,
238,
152,
-61,
-106,
17,
12,
-281,
-209,
6,
108,
-112,
-272,
-198,
-225,
-388,
-554,
-390,
-194,
180,
453,
346,
419,
569,
654,
558,
539,
905,
1178,
941,
706,
873,
775,
342,
248,
379,
240,
5,
-45,
-163,
-486,
-819,
-875,
-788,
-936,
-1102,
-877,
-724,
-923,
-1030,
-1046,
-1055,
-859,
-616,
-356,
-139,
-66,
19,
22,
30,
236,
664,
813,
768,
863,
1015,
918,
783,
929,
1108,
1085,
1022,
1056,
952,
746,
513,
504,
367,
240,
202,
312,
282,
74,
-7,
-48,
-160,
-337,
-209,
-274,
-199,
-163,
-204,
-232,
-224,
-100,
-120,
-144,
-121,
-44,
-124,
-189,
-248,
-148,
-67,
-135,
-46,
-78,
-333,
-420,
-426,
-488,
-516,
-504,
-443,
-390,
-531,
-673,
-603,
-672,
-740,
-749,
-559,
-413,
-491,
-613,
-712,
-689,
-626,
-462,
-222,
-106,
-172,
-60,
-182,
-154,
43,
48,
375,
547,
678,
978,
1149,
1182,
1366,
1402,
1332,
1550,
1468,
1259,
1138,
906,
495,
145,
-10,
-159,
-178,
-368,
-686,
-888,
-1313,
-1696,
-1524,
-1387,
-1664,
-1561,
-1453,
-1305,
-1047,
-1378,
-1198,
-1003,
-1154,
-933,
-529,
117,
821,
1078,
966,
920,
621,
823,
1330,
1722,
2522,
2999,
2811,
2233,
1526,
1159,
1183,
1129,
1143,
1101,
999,
806,
366,
-294,
-965,
-1269,
-1440,
-1396,
-1015,
-279,
131,
74,
-525,
-1204,
-1344,
-1325,
-671,
-9,
618,
1084,
908,
342,
-481,
-778,
-452,
95,
512,
1093,
1288,
828,
46,
-993,
-1100,
-829,
-514,
207,
473,
169,
-391,
-1249,
-1810,
-1676,
-1540,
-920,
-401,
-519,
-538,
-1000,
-1280,
-1271,
-1203,
-811,
-273,
98,
212,
90,
-220,
27,
31,
89,
336,
453,
946,
969,
907,
1095,
1318,
1545,
1795,
1979,
1972,
2198,
1909,
1342,
912,
458,
581,
55,
-435,
-884,
-1170,
-1041,
-1702,
-2146,
-2805,
-2777,
-2996,
-2958,
-3000,
-3116,
-2208,
-2497,
-2080,
-2146,
-1609,
-650,
-694,
-373,
175,
1458,
2167,
2911,
2759,
2630,
2830,
2267,
2764,
3320,
4181,
4933,
4263,
3116,
2079,
1425,
934,
732,
435,
388,
452,
-91,
-361,
-1026,
-1705,
-2303,
-2891,
-2810,
-2116,
-994,
-109,
293,
-93,
-424,
-915,
-1221,
-903,
-286,
747,
1440,
1723,
1532,
1166,
575,
87,
-230,
-293,
217,
525,
731,
472,
-116,
-519,
-1299,
-1892,
-1886,
-1709,
-1419,
-1066,
-1204,
-1354,
-1351,
-1921,
-1845,
-1669,
-1606,
-995,
-721,
-471,
-180,
-221,
-223,
69,
86,
323,
658,
724,
974,
862,
717,
1008,
1252,
1692,
2092,
2204,
2546,
2367,
2343,
2406,
2132,
1837,
1109,
300,
-544,
-1294,
-2137,
-2167,
-1912,
-1895,
-2003,
-3224,
-4130,
-4456,
-4524,
-3958,
-3478,
-2370,
-1368,
-1028,
-952,
-1133,
-411,
255,
715,
809,
1597,
2901,
3844,
4425,
3592,
3580,
3365,
2717,
2579,
2661,
3583,
4064,
3384,
1986,
1230,
687,
7,
-706,
-1843,
-2159,
-1996,
-1652,
-1039,
-895,
-919,
-1599,
-2678,
-3214,
-2589,
-657,
1342,
2542,
2525,
1898,
1026,
387,
228,
407,
1310,
1796,
1746,
1226,
607,
666,
403,
-253,
-941,
-1407,
-1534,
-1561,
-1627,
-1474,
-1001,
-1079,
-1465,
-1910,
-2297,
-2107,
-1924,
-1823,
-1459,
-883,
-256,
-5,
-89,
-196,
-132,
145,
147,
131,
366,
503,
775,
779,
592,
711,
934,
758,
283,
135,
213,
1192,
2085,
2487,
3178,
3169,
2667,
1675,
561,
-43,
-406,
-516,
-1314,
-2049,
-2672,
-3501,
-3326,
-3377,
-3350,
-3781,
-4049,
-4246,
-4347,
-3732,
-3716,
-1888,
-361,
666,
1426,
1388,
1843,
1720,
1679,
1437,
2438,
3962,
4705,
4894,
3994,
3337,
2625,
1862,
1347,
1437,
2284,
2169,
1529,
331,
-658,
-704,
-1113,
-1512,
-1865,
-1781,
-1561,
-1271,
-939,
-486,
275,
382,
396,
413,
769,
1589,
2353,
2985,
3025,
2690,
2039,
1124,
378,
-258,
-410,
-266,
-386,
-794,
-1140,
-1296,
-1688,
-2134,
-2740,
-2738,
-2469,
-2648,
-2544,
-2207,
-1536,
-1096,
-1051,
-1027,
-823,
-637,
-729,
-591,
-183,
305,
585,
577,
569,
688,
922,
1032,
884,
560,
108,
-100,
-150,
-236,
54,
462,
804,
897,
372,
244,
833,
1755,
2803,
3396,
3741,
3637,
2911,
1520,
350,
-294,
-999,
-1767,
-3183,
-4180,
-4531,
-4411,
-4198,
-4321,
-4225,
-4166,
-3978,
-3997,
-4113,
-3429,
-2017,
-387,
1098,
2184,
3227,
3862,
3826,
3039,
2424,
2758,
3358,
3621,
2953,
2277,
1609,
950,
117,
-502,
96,
680,
674,
-85,
-1196,
-1379,
-1033,
-977,
-795,
-331,
352,
900,
946,
1140,
1943,
2495,
2320,
1965,
1756,
2174,
2680,
2956,
3203,
2764,
1904,
528,
-721,
-1320,
-1496,
-1243,
-1403,
-1665,
-2325,
-2633,
-2401,
-2175,
-1895,
-2175,
-2358,
-2856,
-3052,
-2910,
-1987,
-519,
-136,
65,
0,
59,
387,
541,
787,
1085,
939,
207,
-250,
-194,
224,
791,
644,
284,
-256,
-1075,
-1265,
-1273,
-588,
221,
735,
1214,
1378,
1812,
2341,
3220,
3976,
4296,
4111,
3302,
2358,
713,
-746,
-1871,
-2936,
-3744,
-4861,
-5190,
-5091,
-4802,
-4811,
-5158,
-4612,
-4135,
-3229,
-2635,
-2168,
-994,
147,
1350,
2334,
3838,
4793,
5288,
4553,
2694,
2212,
1959,
1808,
1358,
207,
-552,
-1120,
-1945,
-2286,
-1188,
337,
1094,
823,
-305,
-502,
80,
209,
450,
980,
1611,
2113,
2612,
3011,
3794,
4149,
2937,
1701,
795,
430,
1317,
2141,
2305,
1979,
497,
-1044,
-1601,
-1733,
-1216,
-468,
-737,
-1521,
-2327,
-2835,
-2131,
-1196,
-709,
-888,
-1629,
-2390,
-3035,
-2760,
-1955,
-974,
-300,
-498,
-654,
-176,
440,
954,
1224,
764,
243,
-316,
-934,
-746,
-225,
225,
248,
-343,
-830,
-1039,
-764,
-356,
93,
975,
1569,
2066,
2906,
3528,
4317,
4975,
4730,
4133,
3082,
1504,
53,
-1108,
-2778,
-3980,
-4745,
-5456,
-5370,
-5232,
-4878,
-4677,
-3976,
-3476,
-2721,
-1584,
-1542,
-882,
80,
661,
1458,
2608,
3172,
3990,
4233,
2418,
1747,
1736,
820,
350,
-915,
-2432,
-2511,
-2753,
-3202,
-1560,
290,
858,
1804,
1239,
718,
1950,
2062,
1415,
1645,
1179,
876,
2007,
1956,
2532,
3850,
2913,
1792,
1331,
293,
635,
1571,
1003,
837,
555,
-730,
-731,
-176,
-206,
477,
572,
-337,
-596,
-881,
-1491,
-1008,
-960,
-1950,
-2182,
-2379,
-2358,
-1576,
-1320,
-1266,
-697,
-832,
-984,
-160,
695,
1278,
1304,
390,
-560,
-1056,
-1417,
-1362,
-848,
-449,
-606,
-571,
-608,
-360,
759,
1804,
2829,
3615,
3915,
3896,
3915,
3636,
2936,
2371,
1412,
-126,
-1741,
-3319,
-4824,
-5455,
-5629,
-5621,
-4180,
-3239,
-3363,
-2759,
-2547,
-1931,
-655,
-478,
-21,
1392,
1466,
1187,
1788,
1647,
2451,
3169,
1997,
1637,
1880,
799,
-462,
-1601,
-3265,
-2970,
-2191,
-2875,
-1686,
171,
610,
1584,
1614,
1078,
3096,
3636,
1893,
1773,
898,
117,
1083,
830,
1379,
3110,
2290,
1065,
1235,
881,
1345,
2290,
1726,
1119,
440,
-1224,
-1686,
-610,
-290,
49,
783,
288,
-231,
-413,
-1259,
-780,
-212,
-1713,
-2544,
-2516,
-2749,
-2255,
-1812,
-1498,
-312,
269,
8,
460,
1302,
1439,
978,
317,
-658,
-1062,
-1215,
-1899,
-1693,
-1112,
-1160,
-466,
553,
1266,
2636,
3702,
4185,
4720,
4669,
4169,
3616,
2759,
1104,
-545,
-1515,
-2806,
-4005,
-4699,
-5726,
-5564,
-4574,
-4497,
-3915,
-3074,
-2893,
-1933,
-751,
-665,
175,
1326,
1587,
1830,
2044,
1652,
1981,
2880,
1489,
406,
940,
379,
279,
93,
-1967,
-1848,
-1140,
-2976,
-2477,
-878,
-507,
1223,
1291,
73,
1740,
2731,
1964,
2397,
2025,
979,
1252,
797,
63,
1119,
1467,
599,
1148,
1500,
1268,
2689,
3234,
2423,
2414,
870,
-811,
-218,
-416,
-935,
-359,
-612,
-927,
-541,
-984,
-941,
164,
20,
-1167,
-1737,
-2225,
-2497,
-1902,
-1971,
-1977,
-887,
-695,
-663,
491,
956,
1151,
1362,
332,
-366,
-536,
-1397,
-1645,
-1174,
-982,
-379,
655,
1638,
2876,
4093,
4757,
5100,
5131,
4147,
2518,
982,
-1042,
-2922,
-4144,
-5357,
-6130,
-6204,
-5971,
-4885,
-3393,
-2882,
-2144,
-1171,
-409,
30,
-152,
-284,
29,
333,
-39,
117,
657,
1589,
2339,
2174,
1983,
2254,
2237,
1581,
919,
-191,
-740,
-1232,
-2210,
-2222,
-1283,
-532,
208,
517,
374,
1315,
1872,
1544,
1638,
1594,
1051,
868,
472,
331,
1069,
1193,
1065,
1780,
2493,
2758,
3268,
3388,
3043,
2350,
827,
-441,
-524,
-657,
-1163,
-1087,
-1051,
-1131,
-1056,
-1156,
-767,
150,
228,
-331,
-690,
-1257,
-1833,
-1965,
-2079,
-2015,
-1569,
-1435,
-1193,
-499,
-83,
247,
677,
562,
133,
-316,
-944,
-1120,
-879,
-710,
-292,
497,
1438,
2502,
3527,
4272,
4632,
4485,
3632,
2102,
570,
-897,
-2496,
-3735,
-5072,
-6043,
-5857,
-5316,
-4716,
-3873,
-3059,
-2131,
-884,
-433,
-405,
-98,
48,
-197,
-339,
-391,
-420,
426,
741,
554,
1302,
2158,
2520,
3112,
2796,
1922,
1744,
546,
-494,
-224,
-192,
-300,
-297,
-1061,
-1208,
-465,
-268,
58,
624,
564,
249,
243,
112,
462,
1234,
1394,
1483,
2028,
2354,
2904,
3883,
4302,
4324,
3684,
2343,
1263,
561,
-132,
-611,
-930,
-1304,
-1788,
-2182,
-2080,
-1597,
-889,
-625,
-851,
-834,
-829,
-970,
-993,
-1071,
-1017,
-954,
-1218,
-1184,
-757,
-200,
298,
312,
259,
166,
-104,
-76,
10,
202,
499,
345,
331,
652,
914,
1590,
2124,
2186,
2135,
1395,
476,
-144,
-940,
-1418,
-1837,
-2531,
-2832,
-2961,
-2819,
-2398,
-2278,
-2033,
-1557,
-1301,
-1238,
-1593,
-1952,
-2043,
-2380,
-2532,
-2479,
-2213,
-1586,
-1292,
-1112,
-360,
491,
1521,
2553,
2932,
3158,
2986,
2472,
2328,
2491,
2606,
2471,
1914,
1131,
536,
111,
-209,
-377,
-353,
-494,
-851,
-1122,
-1142,
-696,
-158,
59,
388,
925,
1455,
2108,
2646,
3072,
3261,
2908,
2477,
2160,
1959,
1874,
1559,
1191,
811,
190,
-224,
-296,
-262,
-242,
-555,
-980,
-1234,
-1437,
-1513,
-1564,
-1540,
-1480,
-1709,
-1890,
-1784,
-1516,
-1010,
-698,
-643,
-491,
-466,
-411,
-133,
77,
274,
305,
-35,
-337,
-553,
-632,
-488,
-404,
-345,
-354,
-475,
-503,
-465,
-290,
-11,
145,
417,
838,
1154,
1328,
1234,
1072,
1141,
1168,
894,
291,
-499,
-1199,
-1791,
-2317,
-2610,
-2479,
-2114,
-1912,
-1957,
-1980,
-1611,
-967,
-485,
-373,
-589,
-813,
-836,
-710,
-397,
42,
447,
743,
830,
820,
934,
1124,
1282,
1266,
1008,
715,
643,
837,
1029,
963,
773,
713,
912,
1299,
1624,
1804,
1900,
1798,
1512,
1324,
1422,
1763,
2058,
1987,
1578,
1059,
644,
525,
602,
648,
449,
-51,
-586,
-1000,
-1218,
-1181,
-1053,
-930,
-986,
-1280,
-1416,
-1260,
-950,
-671,
-621,
-674,
-680,
-655,
-527,
-243,
128,
478,
589,
488,
366,
295,
227,
58,
-200,
-460,
-710,
-877,
-956,
-993,
-888,
-640,
-156,
345,
576,
581,
440,
364,
285,
35,
-418,
-838,
-1187,
-1655,
-2095,
-2382,
-2294,
-2009,
-1877,
-1798,
-1682,
-1387,
-985,
-762,
-707,
-788,
-842,
-701,
-393,
-41,
155,
211,
290,
470,
801,
1227,
1574,
1867,
1936,
1663,
1358,
1306,
1486,
1545,
1336,
965,
702,
774,
1073,
1413,
1645,
1717,
1539,
1190,
1040,
1226,
1526,
1734,
1752,
1618,
1368,
1067,
957,
978,
972,
790,
329,
-108,
-364,
-560,
-781,
-1006,
-1171,
-1382,
-1687,
-1884,
-1787,
-1456,
-1210,
-1156,
-1143,
-1070,
-860,
-573,
-328,
-101,
94,
96,
28,
43,
45,
116,
181,
113,
-63,
-349,
-572,
-570,
-501,
-544,
-574,
-441,
-89,
235,
287,
171,
75,
79,
-54,
-424,
-928,
-1411,
-1810,
-2206,
-2492,
-2536,
-2315,
-1990,
-1756,
-1606,
-1460,
-1201,
-778,
-417,
-335,
-439,
-479,
-325,
-28,
197,
261,
389,
721,
1114,
1447,
1772,
2103,
2421,
2523,
2352,
2168,
2136,
2163,
1962,
1516,
1082,
837,
851,
1031,
1226,
1289,
1233,
1137,
957,
879,
937,
999,
1104,
1152,
1034,
778,
580,
591,
731,
785,
639,
420,
211,
-41,
-347,
-687,
-882,
-891,
-1036,
-1341,
-1521,
-1517,
-1450,
-1471,
-1600,
-1725,
-1720,
-1603,
-1408,
-1113,
-805,
-522,
-250,
-13,
215,
382,
415,
389,
264,
-40,
-366,
-585,
-654,
-629,
-672,
-711,
-470,
37,
454,
555,
466,
382,
475,
536,
297,
-193,
-825,
-1414,
-1881,
-2182,
-2272,
-2133,
-1901,
-1810,
-1773,
-1682,
-1412,
-869,
-484,
-588,
-1013,
-1321,
-1243,
-864,
-452,
-246,
-72,
263,
641,
982,
1403,
1965,
2518,
2811,
2781,
2689,
2797,
3050,
2997,
2453,
1799,
1334,
1197,
1245,
1338,
1382,
1250,
1046,
725,
465,
546,
820,
1087,
1129,
870,
435,
111,
152,
378,
512,
478,
306,
145,
12,
-112,
-191,
-219,
-223,
-458,
-967,
-1354,
-1356,
-1163,
-1086,
-1224,
-1466,
-1611,
-1577,
-1456,
-1274,
-1006,
-773,
-642,
-542,
-351,
-45,
316,
580,
625,
471,
162,
-175,
-425,
-630,
-809,
-995,
-1069,
-852,
-484,
-130,
83,
181,
255,
356,
452,
340,
-54,
-727,
-1451,
-1935,
-2152,
-2197,
-2158,
-1988,
-1771,
-1600,
-1392,
-1076,
-584,
-181,
-227,
-656,
-1064,
-1112,
-901,
-694,
-606,
-503,
-201,
197,
561,
963,
1433,
1898,
2198,
2297,
2361,
2464,
2625,
2635,
2315,
1945,
1766,
1834,
2114,
2377,
2412,
2145,
1774,
1404,
1041,
856,
831,
910,
964,
772,
391,
102,
149,
428,
588,
502,
330,
233,
129,
18,
-65,
-169,
-202,
-335,
-716,
-1019,
-1029,
-943,
-974,
-1147,
-1441,
-1676,
-1720,
-1671,
-1571,
-1458,
-1398,
-1378,
-1300,
-1075,
-756,
-416,
-65,
166,
212,
86,
-98,
-243,
-385,
-500,
-646,
-727,
-628,
-500,
-327,
-26,
285,
453,
468,
470,
497,
320,
-200,
-909,
-1468,
-1699,
-1772,
-2002,
-2224,
-2059,
-1777,
-1601,
-1349,
-923,
-381,
67,
114,
-346,
-750,
-677,
-450,
-297,
-164,
-43,
107,
301,
491,
695,
1072,
1659,
2092,
2239,
2263,
2288,
2376,
2422,
2253,
1863,
1479,
1391,
1554,
1725,
1848,
1799,
1610,
1409,
1211,
1008,
922,
1040,
1098,
938,
567,
82,
-85,
243,
577,
580,
357,
181,
121,
31,
-129,
-374,
-504,
-525,
-795,
-1208,
-1347,
-1118,
-883,
-920,
-1106,
-1349,
-1471,
-1433,
-1464,
-1555,
-1608,
-1660,
-1723,
-1662,
-1455,
-1119,
-651,
-158,
205,
328,
331,
342,
276,
48,
-158,
-228,
-192,
-173,
-238,
-100,
391,
975,
1214,
1108,
992,
1011,
879,
276,
-516,
-1056,
-1347,
-1612,
-1925,
-2273,
-2354,
-2075,
-1893,
-1762,
-1341,
-768,
-282,
-88,
-367,
-936,
-1179,
-896,
-492,
-170,
-47,
-96,
-67,
156,
508,
927,
1486,
2080,
2321,
2160,
1955,
1947,
2146,
2258,
2044,
1585,
1256,
1366,
1654,
1897,
1958,
1758,
1392,
1043,
836,
660,
654,
818,
825,
577,
162,
-107,
34,
385,
561,
401,
207,
182,
132,
12,
-117,
-173,
-218,
-403,
-753,
-980,
-853,
-721,
-789,
-984,
-1203,
-1369,
-1464,
-1549,
-1638,
-1703,
-1869,
-2031,
-2035,
-1843,
-1398,
-722,
-20,
652,
1240,
1567,
1867,
2009,
1772,
1254,
679,
130,
-489,
-1098,
-1741,
-2112,
-1927,
-1504,
-1273,
-1153,
-973,
-773,
-321,
36,
-86,
-216,
-201,
-464,
-844,
-1334,
-2026,
-2099,
-1713,
-1713,
-1619,
-893,
-242,
352,
702,
308,
258,
798,
1007,
932,
1099,
1057,
761,
400,
44,
345,
1029,
1211,
1141,
1414,
1773,
2166,
2319,
1962,
1748,
1874,
1501,
945,
1248,
1815,
2204,
2451,
2026,
1338,
1110,
831,
461,
525,
461,
68,
-264,
-691,
-1049,
-1005,
-757,
-201,
428,
440,
135,
51,
66,
31,
-256,
-893,
-1432,
-1643,
-1905,
-2287,
-2277,
-1771,
-1385,
-1401,
-1452,
-1404,
-1187,
-921,
-996,
-1246,
-1363,
-1372,
-1271,
-938,
-304,
557,
1633,
2838,
3686,
4259,
4885,
5188,
4971,
4086,
2210,
-22,
-1678,
-3607,
-5724,
-7288,
-8409,
-8086,
-6272,
-4916,
-4208,
-2497,
-804,
1102,
3246,
3374,
2882,
3544,
3144,
1536,
916,
-289,
-712,
657,
23,
-1622,
-255,
1142,
578,
578,
-718,
-2178,
-1222,
-967,
-2198,
-1337,
459,
1574,
2652,
2799,
3538,
5652,
5839,
3804,
2676,
1737,
539,
-243,
-2004,
-4028,
-3609,
-2449,
-2543,
-1352,
977,
2823,
4981,
6188,
5354,
4926,
4381,
2283,
602,
-808,
-2803,
-3548,
-3784,
-4529,
-4044,
-3120,
-2412,
-946,
-235,
-649,
-282,
210,
135,
115,
-188,
-348,
256,
581,
505,
1003,
1435,
1250,
592,
-845,
-2302,
-2764,
-3215,
-4112,
-4508,
-4154,
-3215,
-2171,
-1071,
763,
2904,
4577,
5947,
6756,
6929,
6880,
6162,
5054,
3941,
2089,
54,
-2030,
-4653,
-6255,
-7065,
-8166,
-8239,
-7370,
-5917,
-3205,
-1091,
-537,
664,
2097,
3397,
4791,
4079,
2257,
1786,
1417,
-4,
-1018,
-1752,
-1808,
-679,
-1313,
-3627,
-2783,
-340,
-506,
-436,
-438,
-1355,
649,
2842,
1624,
2030,
4511,
5269,
4955,
3217,
1830,
2728,
1517,
-2660,
-4771,
-4723,
-4210,
-2951,
-2618,
-2918,
-655,
2468,
3129,
3704,
5870,
7246,
7201,
6328,
3913,
1979,
1021,
-1339,
-3095,
-3376,
-4329,
-4441,
-3811,
-4178,
-3225,
-1707,
-1184,
392,
1714,
1246,
1130,
1621,
1434,
1097,
562,
-92,
-197,
-543,
-1400,
-1558,
-1217,
-1516,
-1931,
-2691,
-3539,
-3036,
-2249,
-2180,
-1459,
-361,
121,
828,
1286,
1620,
2548,
2880,
2552,
2364,
2168,
2485,
2723,
2405,
2980,
3599,
3654,
3644,
2433,
574,
-625,
-2411,
-4124,
-5126,
-6541,
-7335,
-7146,
-5663,
-2597,
-463,
-287,
1033,
2765,
3179,
3373,
2581,
967,
17,
56,
-52,
-516,
-1122,
-754,
-3,
-1355,
-3067,
-1857,
-375,
-1426,
-1727,
-2143,
-3156,
-671,
2271,
2049,
3320,
6217,
6699,
5088,
2648,
1629,
1724,
-607,
-4073,
-5087,
-4739,
-3640,
-1765,
-1004,
-689,
1554,
4316,
4608,
4339,
5916,
6999,
6026,
4312,
2218,
773,
-425,
-2876,
-4038,
-3541,
-4393,
-4848,
-4169,
-3923,
-2555,
-1123,
-745,
386,
1335,
949,
1080,
1617,
1546,
1043,
118,
-117,
229,
-194,
-1310,
-1791,
-1872,
-2738,
-3372,
-3077,
-3213,
-3134,
-1632,
-505,
273,
1689,
2809,
3297,
3028,
2907,
3287,
2171,
659,
547,
-33,
-1218,
-1652,
-737,
1186,
2098,
2749,
4660,
5625,
5246,
4806,
3697,
2087,
-239,
-2999,
-4569,
-6360,
-8021,
-7428,
-6453,
-5439,
-2634,
-421,
-584,
-554,
293,
1546,
2406,
1733,
339,
159,
816,
119,
-578,
-1423,
-2255,
-1427,
-2568,
-5233,
-3103,
-527,
-1193,
295,
661,
-606,
2804,
6187,
4733,
3772,
5192,
6151,
4630,
932,
-720,
33,
-1619,
-5044,
-5651,
-4152,
-2641,
-758,
755,
1009,
2567,
5615,
5811,
4567,
6036,
7266,
6159,
4623,
2286,
522,
-984,
-4091,
-4881,
-4037,
-6011,
-7079,
-5263,
-3863,
-3020,
-1619,
290,
2040,
2901,
2268,
1288,
2142,
2747,
576,
-827,
-1033,
-2285,
-2643,
-3168,
-3962,
-2842,
-2858,
-3871,
-2326,
-1796,
-2292,
676,
2767,
2018,
3237,
4722,
3458,
2259,
2148,
1857,
849,
-940,
-1860,
-1902,
-3115,
-4271,
-3298,
-1187,
413,
1358,
3183,
5721,
6739,
6751,
7231,
7118,
6138,
4676,
2166,
-663,
-3767,
-6898,
-8260,
-9216,
-10340,
-9640,
-8218,
-6466,
-2718,
307,
826,
2573,
4863,
5851,
5942,
4401,
2194,
322,
-1076,
-1736,
-1931,
-3176,
-4128,
-2956,
-2789,
-5056,
-3884,
402,
890,
938,
2275,
1850,
3682,
7072,
6441,
5265,
6069,
5574,
3579,
586,
-2048,
-2391,
-3022,
-5437,
-5738,
-3624,
-1613,
580,
2328,
2539,
3111,
5085,
5811,
4325,
4174,
5219,
3465,
980,
-310,
-1656,
-3106,
-5414,
-5825,
-3520,
-4181,
-5942,
-4232,
-1697,
-543,
-334,
1012,
3007,
3065,
2345,
1941,
1278,
1182,
-339,
-2638,
-2371,
-3145,
-4385,
-3516,
-3137,
-2750,
-1368,
-1225,
-416,
1810,
1013,
806,
3893,
4096,
2289,
3770,
3264,
-127,
86,
414,
-1514,
-2624,
-2940,
-2088,
-1578,
-3269,
-2356,
417,
667,
612,
1194,
2333,
3574,
3174,
3318,
4614,
3855,
3235,
3579,
2574,
1493,
803,
-171,
-1313,
-3611,
-6091,
-6239,
-6945,
-7288,
-5998,
-5565,
-2894,
1581,
3870,
3545,
2242,
2752,
4097,
1757,
-158,
-592,
-3096,
-3181,
-1621,
-1171,
-1723,
-1723,
1070,
1578,
-1547,
263,
3742,
2561,
2200,
1689,
-44,
1730,
4336,
3513,
2240,
2138,
2109,
1207,
-1320,
-2244,
-1099,
-1993,
-3769,
-3069,
-1499,
63,
1578,
2754,
2581,
1469,
2519,
3067,
1065,
1015,
2085,
954,
-463,
-1322,
-942,
-1445,
-4165,
-3350,
-415,
-887,
-1937,
-1024,
998,
1879,
529,
1002,
2423,
752,
-1501,
-2102,
-1792,
-1629,
-2370,
-2535,
-2336,
-1996,
-1313,
-1332,
260,
1625,
-12,
-348,
700,
527,
419,
-213,
-19,
1511,
349,
-512,
1177,
54,
-1589,
768,
991,
-1783,
-997,
597,
-301,
-877,
-626,
970,
2201,
871,
1091,
2369,
1279,
500,
685,
653,
1054,
858,
920,
1754,
1326,
932,
1796,
2726,
3268,
3062,
2131,
1246,
-310,
-2454,
-3934,
-4828,
-4456,
-4040,
-5418,
-4837,
-2474,
-1468,
-186,
136,
410,
1550,
714,
1463,
3046,
-502,
-2757,
-442,
-326,
-655,
-611,
-1748,
-883,
-474,
-2401,
-469,
3141,
1934,
1135,
1807,
-1,
-124,
2848,
3775,
2271,
1480,
1798,
1859,
927,
-525,
-1070,
-872,
-2837,
-4370,
-2538,
-1179,
-495,
855,
1184,
1351,
2016,
2360,
2460,
3051,
3664,
2322,
1194,
1242,
-198,
-1700,
-2425,
-2564,
-1175,
-1140,
-2347,
-1422,
-406,
-218,
835,
1850,
2197,
1908,
976,
180,
-108,
-378,
-749,
-1380,
-2229,
-2532,
-2129,
-1338,
-1663,
-1524,
-246,
-994,
-1301,
46,
-104,
-153,
535,
474,
1858,
1934,
579,
1176,
203,
-494,
720,
-595,
-1817,
-124,
-805,
-3319,
-2290,
434,
281,
-835,
1002,
2420,
1092,
539,
1967,
2282,
313,
-587,
646,
218,
-1357,
-1043,
-60,
616,
598,
1101,
2911,
2978,
2130,
2808,
2982,
2543,
1856,
742,
-446,
-3448,
-4828,
-3939,
-5396,
-5967,
-5063,
-4575,
-2303,
224,
1344,
1802,
1278,
1969,
3944,
3191,
1171,
265,
144,
-740,
-1320,
-945,
-1774,
-1429,
-785,
-2821,
-2834,
-185,
-209,
328,
1489,
-295,
469,
4229,
4688,
3217,
3392,
3392,
2329,
517,
-719,
-487,
-1714,
-4705,
-4967,
-3310,
-2798,
-1362,
1377,
2681,
2159,
2744,
4451,
4416,
3940,
4496,
3704,
2499,
1346,
-307,
-936,
-2971,
-4992,
-3482,
-2416,
-3028,
-2847,
-1968,
-24,
962,
891,
2726,
4414,
3843,
2056,
1173,
1713,
325,
-2349,
-3135,
-3423,
-3881,
-4643,
-4897,
-2848,
-2059,
-3786,
-2832,
-163,
466,
449,
908,
1898,
2359,
1483,
960,
1487,
1345,
534,
115,
-375,
-1199,
-1618,
-1890,
-2475,
-1477,
-548,
-1507,
-564,
1325,
849,
762,
2101,
2937,
2690,
2014,
2267,
1801,
-170,
-977,
-1216,
-1816,
-1408,
-814,
-254,
272,
334,
1294,
2442,
2698,
3527,
4721,
5071,
4423,
3013,
2184,
946,
-1179,
-1696,
-2626,
-5206,
-5741,
-5753,
-5990,
-4943,
-4019,
-1707,
1368,
1887,
1609,
2717,
2553,
2036,
2636,
1824,
-659,
-1614,
-1240,
-2101,
-2202,
-2517,
-2840,
-1575,
-1682,
-2267,
90,
2039,
1757,
2685,
2985,
1641,
2110,
3883,
3110,
1381,
1110,
608,
-100,
-930,
-2236,
-2261,
-2611,
-4317,
-3421,
-1437,
-561,
1307,
2924,
3015,
2997,
2866,
2663,
2338,
2411,
2407,
673,
-365,
-917,
-2244,
-2728,
-3243,
-2490,
-631,
-1426,
-1519,
303,
707,
1370,
2303,
2882,
3435,
2547,
1555,
1119,
231,
-861,
-2586,
-3388,
-3438,
-4471,
-4463,
-3529,
-2738,
-1532,
-810,
229,
1834,
1904,
1499,
1596,
1649,
1690,
1092,
376,
-225,
-1057,
-1067,
-722,
-1122,
-1098,
-849,
-1133,
-921,
-446,
-158,
610,
1305,
1113,
1191,
1630,
1265,
916,
981,
523,
-42,
-340,
-562,
-429,
-764,
-1423,
-1024,
-214,
135,
410,
1133,
1786,
1365,
802,
1379,
1911,
1603,
1442,
1322,
1122,
782,
-116,
-237,
393,
-140,
-469,
622,
946,
99,
-555,
-780,
-1194,
-1456,
-1473,
-2176,
-2771,
-2609,
-2594,
-1305,
360,
-483,
-711,
119,
81,
929,
1143,
-331,
-274,
305,
-377,
109,
810,
-99,
-330,
372,
-549,
-906,
791,
996,
436,
286,
-1024,
-768,
1219,
902,
165,
998,
1185,
775,
578,
-53,
-346,
-199,
-1161,
-1822,
-818,
-268,
44,
1217,
1307,
751,
899,
1003,
1086,
1363,
1478,
1366,
1413,
1207,
218,
-606,
-1233,
-1555,
-854,
-923,
-1772,
-1391,
-733,
-400,
270,
898,
1538,
1847,
1234,
741,
942,
819,
50,
-474,
-699,
-1052,
-1302,
-1562,
-1527,
-1270,
-1584,
-1828,
-1272,
-650,
-819,
-884,
-330,
288,
993,
1220,
811,
681,
443,
-458,
-577,
-363,
-714,
-994,
-1466,
-1617,
-1165,
-913,
-497,
459,
792,
580,
696,
972,
892,
755,
1010,
800,
646,
803,
5,
-439,
195,
123,
-217,
-107,
408,
969,
614,
526,
1094,
1160,
1312,
1783,
2100,
1877,
903,
671,
732,
-95,
-667,
-886,
-820,
-108,
201,
85,
576,
696,
332,
754,
905,
-13,
-845,
-2035,
-3056,
-2741,
-2688,
-2991,
-2527,
-2044,
-1503,
90,
525,
-359,
142,
602,
369,
1052,
701,
-543,
251,
750,
-98,
-495,
-402,
-26,
-571,
-1721,
-1369,
-328,
-99,
98,
379,
428,
785,
1784,
2038,
1507,
2013,
2596,
1889,
985,
600,
204,
-493,
-1360,
-1741,
-1652,
-1237,
-411,
242,
412,
412,
595,
1099,
1629,
1782,
1664,
1457,
1535,
1283,
326,
-304,
-702,
-858,
-810,
-1558,
-1748,
-1003,
-1065,
-1148,
-780,
-6,
1036,
987,
815,
1283,
1219,
883,
483,
161,
-18,
-903,
-1541,
-1485,
-1579,
-1813,
-2349,
-2324,
-1451,
-1107,
-977,
-639,
-42,
660,
589,
567,
881,
477,
55,
263,
126,
-251,
-578,
-667,
-360,
-609,
-830,
-193,
238,
77,
228,
454,
513,
868,
1051,
549,
277,
645,
317,
-275,
-70,
72,
53,
281,
293,
277,
337,
325,
401,
447,
475,
568,
698,
868,
881,
648,
354,
56,
22,
-19,
-245,
-143,
140,
188,
323,
770,
1152,
1358,
1418,
1565,
1878,
1597,
485,
158,
304,
-509,
-1662,
-2464,
-2754,
-2761,
-2676,
-2844,
-2510,
-1663,
-903,
340,
1073,
279,
268,
1418,
1068,
488,
94,
-928,
-725,
-141,
-1134,
-1318,
-383,
-727,
-1276,
-1511,
-1173,
597,
1423,
716,
1132,
1179,
544,
1374,
1300,
153,
777,
1326,
504,
127,
-293,
-604,
-578,
-1303,
-1718,
-1040,
-342,
308,
832,
1013,
1373,
1557,
1596,
1495,
1229,
1276,
1232,
1276,
1091,
-182,
-669,
-376,
-664,
-573,
-911,
-1462,
-826,
-643,
-884,
-198,
459,
787,
648,
178,
554,
846,
292,
65,
20,
-474,
-978,
-1229,
-1204,
-1122,
-1280,
-1371,
-1130,
-790,
-773,
-1097,
-844,
10,
499,
747,
820,
371,
79,
-12,
-202,
-159,
-485,
-777,
-511,
-679,
-1146,
-889,
-197,
59,
235,
586,
689,
1005,
1321,
599,
257,
711,
704,
734,
625,
152,
23,
49,
105,
361,
361,
480,
566,
155,
17,
84,
205,
635,
939,
1019,
1007,
632,
544,
598,
203,
278,
453,
151,
91,
-218,
-733,
-653,
-714,
-518,
236,
397,
410,
408,
328,
646,
701,
625,
726,
516,
231,
-191,
-601,
-554,
-924,
-1356,
-1474,
-1625,
-1540,
-1534,
-1773,
-1783,
-1514,
-1299,
-555,
-182,
-587,
-192,
280,
-193,
-241,
-390,
-907,
-95,
-42,
-732,
-153,
93,
-229,
-151,
-297,
-48,
709,
492,
281,
817,
951,
968,
1447,
1113,
673,
1158,
840,
392,
614,
151,
152,
450,
-305,
-234,
220,
222,
749,
860,
876,
1375,
1097,
834,
1063,
916,
958,
765,
310,
164,
-259,
-567,
-708,
-861,
-559,
-718,
-930,
-346,
-266,
-134,
413,
506,
664,
521,
147,
347,
-12,
-651,
-615,
-918,
-1268,
-1605,
-2057,
-1529,
-1116,
-1283,
-889,
-519,
-309,
74,
0,
-126,
111,
61,
28,
-11,
-400,
-591,
-383,
-358,
-643,
-498,
-195,
-43,
257,
196,
75,
773,
845,
315,
627,
561,
226,
369,
162,
195,
618,
436,
223,
147,
-77,
-42,
-11,
65,
419,
698,
874,
971,
821,
784,
808,
742,
649,
432,
207,
-44,
-480,
-703,
-520,
-494,
-300,
57,
190,
448,
438,
291,
460,
389,
330,
416,
156,
42,
-64,
-271,
-50,
-77,
-285,
-166,
-152,
-174,
-227,
-202,
99,
118,
-105,
234,
542,
244,
-10,
-451,
-1007,
-1302,
-1775,
-2186,
-2125,
-2085,
-1872,
-1199,
-329,
259,
149,
358,
706,
713,
723,
410,
200,
294,
46,
112,
352,
44,
277,
111,
-745,
-472,
100,
-34,
252,
434,
155,
805,
1397,
1019,
1067,
1661,
1573,
1165,
828,
553,
341,
-321,
-914,
-889,
-860,
-786,
-405,
-305,
53,
591,
287,
148,
596,
650,
625,
659,
512,
485,
69,
-572,
-852,
-931,
-746,
-871,
-1250,
-999,
-840,
-934,
-461,
26,
227,
398,
309,
294,
386,
191,
63,
15,
-189,
-402,
-541,
-653,
-668,
-666,
-691,
-506,
-284,
-39,
220,
368,
638,
823,
901,
1133,
880,
489,
533,
237,
-44,
-92,
-414,
-493,
-490,
-712,
-518,
-173,
16,
349,
638,
928,
1236,
1318,
1228,
974,
732,
494,
42,
-280,
-553,
-957,
-1171,
-1300,
-1243,
-834,
-610,
-484,
-193,
54,
288,
373,
472,
664,
542,
212,
26,
-154,
-299,
-435,
-588,
-579,
-547,
-391,
-309,
-266,
-92,
-47,
87,
337,
266,
210,
431,
378,
294,
268,
306,
505,
282,
-109,
-193,
-168,
-182,
-268,
-259,
-11,
201,
500,
879,
1072,
1242,
1060,
685,
595,
242,
-299,
-631,
-914,
-1211,
-1387,
-1334,
-1057,
-672,
-229,
24,
107,
338,
249,
123,
232,
38,
-55,
120,
20,
-50,
-7,
-153,
-220,
-452,
-841,
-847,
-680,
-633,
-393,
-90,
131,
310,
348,
445,
712,
782,
581,
482,
343,
25,
-227,
-248,
-132,
9,
17,
-59,
14,
178,
333,
422,
443,
455,
368,
312,
315,
230,
394,
512,
254,
34,
-224,
-441,
-413,
-502,
-422,
-84,
67,
176,
178,
146,
273,
288,
257,
255,
144,
38,
-154,
-255,
-175,
-274,
-405,
-392,
-417,
-354,
-231,
-216,
-87,
42,
81,
103,
163,
186,
80,
-15,
-49,
-31,
49,
123,
54,
44,
29,
-49,
-81,
-178,
-216,
-159,
-179,
-261,
-233,
-159,
-64,
25,
70,
125,
221,
215,
10,
-103,
-148,
-223,
-226,
-186,
-132,
-19,
4,
-41,
45,
44,
-19,
-1,
23,
58,
67,
34,
71,
150,
116,
57,
29,
23,
19,
-2,
0,
12,
17,
-1,
40,
72,
72,
72,
75,
91,
147,
243,
295,
371,
349,
299,
218,
75,
-2,
-10,
-68,
-194,
-208,
-217,
-113,
-17,
-62,
-46,
52,
80,
70,
49,
-19,
22,
3,
-79,
-88,
-91,
-154,
-149,
-142,
-183,
-122,
-100,
-132,
-153,
-153,
-159,
-121,
-87,
-65,
5,
54,
74,
99,
71,
-17,
-47,
-62,
-101,
-128,
-164,
-171,
-65,
46,
101,
90,
67,
65,
68,
135,
206,
192,
138,
109,
41,
61,
124,
75,
-19,
-65,
-96,
-58,
79,
163,
224,
224,
172,
150,
179,
172,
113,
103,
70,
2,
-35,
-83,
-144,
-151,
-160,
-168,
-96,
-41,
3,
80,
57,
40,
111,
99,
30,
-9,
-109,
-177,
-182,
-192,
-159,
-131,
-129,
-121,
-129,
-166,
-170,
-169,
-131,
-105,
-104,
-63,
-10,
37,
72,
64,
26,
12,
-46,
-86,
-110,
-98,
-52,
-41,
-33,
-46,
-30,
-6,
7,
15,
78,
145,
231,
298,
248,
224,
178,
87,
53,
98,
69,
32,
20,
-26,
-7,
22,
68,
43,
-12,
-65,
-61,
0,
94,
178,
199,
183,
118,
103,
29,
-35,
-104,
-156,
-125,
-77,
-1,
39,
77,
145,
153,
70,
3,
-54,
-111,
-153,
-164,
-138,
-63,
-34,
-49,
-47,
-34,
-13,
14,
30,
-23,
-71,
-117,
-135,
-118,
-73,
-55,
-54,
-47,
-20,
53,
60,
59,
42,
4,
-33,
-60,
-61,
-10,
52,
106,
188,
247,
252,
139,
10,
-89,
-157,
-197,
-236,
-228,
-139,
-15,
53,
86,
64,
29,
-19,
-98,
-104,
-73,
-60,
-10,
48,
111,
183,
193,
137,
76,
1,
-76,
-132,
-182,
-211,
-241,
-272,
-305,
-222,
-100,
-25,
54,
129,
197,
211,
198,
162,
149,
111,
16,
-38,
15,
58,
66,
70,
73,
119,
160,
159,
137,
120,
85,
99,
121,
130,
136,
130,
92,
62,
50,
-11,
-59,
-79,
-73,
-48,
-21,
-6,
0,
-15,
-50,
-92,
-67,
42,
113,
132,
90,
3,
-38,
-102,
-207,
-232,
-231,
-245,
-177,
-64,
11,
64,
54,
2,
-43,
-119,
-195,
-211,
-187,
-143,
-87,
-32,
26,
70,
77,
13,
-99,
-172,
-191,
-191,
-182,
-134,
-85,
-79,
-68,
-39,
4,
48,
66,
74,
114,
138,
99,
38,
18,
69,
160,
221,
213,
207,
215,
202,
169,
115,
66,
6,
-69,
-116,
-106,
-108,
-80,
-10,
38,
77,
65,
30,
44,
96,
158,
199,
192,
173,
176,
154,
105,
74,
43,
-18,
-113,
-185,
-156,
-95,
-62,
-5,
74,
161,
212,
188,
181,
179,
133,
78,
24,
-15,
-60,
-142,
-219,
-244,
-259,
-265,
-279,
-295,
-252,
-207,
-197,
-143,
-68,
-47,
-22,
-33,
-29,
43,
80,
79,
77,
41,
-17,
-51,
-96,
-107,
-136,
-193,
-159,
-66,
19,
69,
62,
33,
37,
23,
-36,
-75,
-69,
-34,
7,
22,
52,
91,
55,
-27,
-101,
-117,
-41,
4,
2,
33,
60,
73,
56,
61,
97,
101,
89,
76,
71,
105,
135,
115,
98,
95,
53,
26,
52,
107,
166,
181,
159,
126,
69,
-29,
-103,
-114,
-61,
17,
20,
0,
12,
28,
8,
-9,
11,
52,
68,
35,
38,
90,
118,
104,
36,
-13,
-36,
-96,
-139,
-122,
-77,
-28,
-33,
-70,
-77,
-64,
-50,
-50,
-21,
18,
4,
-25,
-4,
42,
50,
14,
-17,
-26,
-32,
-65,
-111,
-89,
-35,
-28,
-41,
-19,
12,
-4,
-63,
-89,
-63,
-50,
