
          0   0.000000
          1   0.008222
          2   0.063506
          3   0.150241
          4   0.318570
          5   0.632904
          6   0.998942
          7   0.527533
          8   0.371631
          9  -0.030341
         10   0.057980
         11   0.542496
         12   0.310621
         13   0.405129
         14   0.085194
         15   0.168410
         16   0.111595
         17  -0.251827
         18  -0.177637
         19   0.197476
         20   0.146038
         21  -0.303962
         22  -0.171510
         23  -0.366406
         24  -0.066298
         25   0.133092
         26   0.170739
         27   0.265859
         28   0.123683
         29  -0.130268
         30  -0.344299
         31  -0.025470
         32  -0.036877
         33   0.210777
         34   0.209158
         35   0.091028
         36  -0.174311
         37  -0.253335
         38  -0.000306
         39  -0.110590
         40   0.096432
         41   0.089533
         42   0.101879
         43  -0.194258
         44  -0.132163
         45   0.234273
         46   0.058220
         47   0.018127
         48  -0.009444
         49  -0.162089
         50   0.027333
         51   0.083168
         52  -0.076159
         53   0.016084
         54   0.107205
         55   0.031293
         56  -0.050386
         57  -0.104930
         58  -0.115218
         59  -0.090577
         60   0.020627
         61   0.122165
         62   0.089299
         63  -0.128123
         64   0.061825
         65  -0.052697
         66  -0.001757
         67   0.001556
         68   0.099995
         69   0.003707
         70  -0.060061
         71  -0.086643
         72   0.115769
         73  -0.126226
         74  -0.026605
         75  -0.035374
         76  -0.057923
         77   0.111907
         78   0.003508
         79  -0.027633
         80   0.025827
         81  -0.088625
         82   0.111298
         83   0.069961
         84   0.005974
         85  -0.119225
         86  -0.100290
         87   0.039435
         88   0.027197
         89  -0.026967
         90   0.035358
         91   0.040188
         92   0.071918
         93   0.031700
         94  -0.060552
         95  -0.066159
         96  -0.036868
         97  -0.017364
         98   0.013612
         99   0.046026
        100  -0.016529
        101   0.036236
        102  -0.027222
        103   0.003156
        104   0.026110
        105   0.005590
        106  -0.035111
        107  -0.028989
        108  -0.035611
        109   0.017136
        110   0.020036
        111  -0.074764
        112   0.005572
        113  -0.006110
        114   0.047373
        115  -0.004079
        116  -0.000763
        117   0.043174
        118   0.001319
        119   0.035941
        120  -0.020354
        121  -0.012657
        122   0.041162
        123  -0.014171
        124  -0.012796
        125  -0.015887
        126  -0.058574
        127  -0.014727
        128  -0.035385
        129   0.032944
        130   0.033635
        131  -0.030200
        132  -0.021656
        133  -0.014901
        134   0.033482
        135   0.012944
        136  -0.024797
        137   0.019470
        138  -0.004945
        139  -0.014380
        140  -0.005486
        141  -0.033352
        142   0.007825
        143   0.028304
        144  -0.000826
        145   0.020994
        146   0.001975
        147  -0.021886
        148   0.028649
        149  -0.003155
        150  -0.020487
        151  -0.003080
        152  -0.019629
        153   0.006810
        154   0.006118
        155   0.027257
        156  -0.014714
        157  -0.012432
        158  -0.012041
        159   0.000943
        160  -0.019785
        161   0.011991
        162   0.008040
        163   0.017609
        164  -0.001954
        165   0.000984
        166  -0.007204
        167  -0.009609
        168  -0.021277
        169   0.015870
        170  -0.000270
        171  -0.011723
        172   0.016634
        173   0.004001
        174  -0.003080
        175   0.022249
        176  -0.007696
        177  -0.004326
        178  -0.009848
        179  -0.008447
        180  -0.007826
        181  -0.007728
        182   0.010100
        183  -0.009450
        184  -0.010712
        185   0.001867
        186   0.016293
        187   0.006987
        188  -0.003396
        189  -0.010814
        190   0.000836
        191   0.011122
        192  -0.009974
        193   0.006002
        194  -0.008922
        195  -0.003189
        196   0.002159
        197   0.002478
        198   0.003333
        199  -0.003667
        200   0.006027
        201  -0.003743
        202  -0.007971
        203   0.002006
        204  -0.002577
        205   0.002725
        206   0.014293
        207   0.005146
        208   0.004218
        209  -0.003872
        210  -0.001546
        211  -0.005733
        212  -0.016347
        213  -0.002658
        214  -0.001082
        215   0.004285
        216  -0.006096
        217   0.002327
        218   0.004668
        219   0.000605
        220   0.008172
        221  -0.002861
        222   0.001403
        223  -0.010496
        224   0.009830
        225  -0.002984
        226  -0.004107
        227  -0.011662
        228   0.003762
        229   0.000773
        230  -0.000943
        231  -0.002108
        232  -0.008446
        233   0.011010
        234   0.008124
        235   0.003903
        236  -0.004506
        237  -0.006565
        238  -0.000645
        239   0.008059
        240  -0.006469
        241  -0.003863
        242  -0.002932
        243   0.000389
        244   0.004027
        245  -0.000553
        246   0.000064
        247   0.001598
        248  -0.001108
        249  -0.005009
        250   0.006541
        251  -0.000831
        252   0.005356
        253  -0.000797
        254  -0.008050
        255  -0.004822
        256   0.004035
        257   0.000910
        258  -0.002925
        259   0.000121
        260  -0.000190
        261   0.000209
        262  -0.004431
        263   0.006976
        264   0.003209
        265   0.001254
        266  -0.004463
        267  -0.002772
        268   0.004031
        269   0.002925
        270  -0.002992
        271  -0.004871
        272  -0.004292
        273   0.000606
        274   0.004573
        275   0.002775
        276  -0.000559
        277  -0.003814
        278   0.001257
        279  -0.001592
        280   0.002391
        281   0.002947
        282   0.001309
        283  -0.000363
        284  -0.002319
        285  -0.001861
        286  -0.003565
        287   0.004799
        288  -0.001804
        289   0.002108
        290  -0.001268
        291  -0.001231
        292   0.001514
        293  -0.002811
        294   0.002316
        295  -0.001270
        296   0.003214
        297  -0.000205
        298  -0.000944
        299  -0.001940
        300  -0.001508
        301   0.000556
        302   0.000406
        303   0.000666
        304   0.000109
        305   0.001028
        306   0.000491
        307   0.000848
        308  -0.001478
        309   0.000303
        310  -0.000698
        311  -0.000859
        312   0.000694
        313  -0.001620
        314   0.000825
        315   0.000184
        316  -0.000047
        317   0.000494
        318   0.000031
        319   0.001200
        320  -0.001469
        321  -0.001586
        322  -0.000068
        323   0.000915
        324   0.000728
        325   0.000389
        326   0.000899
        327  -0.000175
        328  -0.001024
        329   0.000048
        330  -0.000620
        331   0.000453
        332   0.000351
        333   0.000150
        334  -0.000415
        335  -0.000223
        336  -0.000168
        337   0.000054
        338   0.000544
        339   0.000293
        340   0.000164
        341  -0.000815
        342  -0.000330
        343  -0.000654
        344   0.000488
        345   0.000343
        346  -0.000704
        347   0.000448
        348  -0.000149
        349   0.000845
        350  -0.000402
        351   0.001075
        352  -0.000797
        353  -0.000315
        354  -0.000012
        355  -0.000191
        356  -0.000472
        357   0.000118
        358   0.001250
        359  -0.000850
        360   0.000371
        361  -0.000802
        362  -0.000034
        363   0.000435
        364   0.000917
        365  -0.001031
        366  -0.000800
        367   0.000304
        368  -0.000155
        369   0.000702
        370  -0.000592
        371   0.000491
        372  -0.000712
        373   0.000345
        374   0.000095
        375   0.000428
        376   0.000805
        377  -0.000993
        378  -0.000694
        379   0.000365
        380   0.000207
        381  -0.000523
        382  -0.000329
        383   0.000360
        384   0.000577
        385   0.000035
        386  -0.000058
        387   0.000559
        388  -0.000175
        389  -0.000147
        390   0.000177
        391  -0.000759
        392  -0.000697
        393   0.000269
        394   0.000497
        395   0.000500
        396  -0.000078
        397  -0.000381
        398   0.000204
        399   0.000071
        400  -0.000306
        401   0.000257
        402   0.000028
        403  -0.000277
        404  -0.000241
        405  -0.000058
        406   0.000271
        407   0.000120
        408   0.000038
        409  -0.000365
        410   0.000133
        411  -0.000078
        412   0.000514
        413   0.000238
        414  -0.000384
        415  -0.000441
        416   0.000022
        417   0.000425
        418   0.000220
        419  -0.000110
        420  -0.000276
        421  -0.000141
        422   0.000333
        423   0.000028
        424  -0.000262
        425  -0.000055
        426   0.000012
        427   0.000231
        428   0.000091
        429  -0.000257
        430  -0.000213
        431   0.000123
        432   0.000006
        433   0.000212
        434   0.000157
        435  -0.000168
        436  -0.000270
        437   0.000180
        438   0.000166
        439  -0.000235
        440   0.000309
        441  -0.000166
        442  -0.000086
        443  -0.000086
        444  -0.000137
        445   0.000083
        446   0.000316
        447   0.000042
        448  -0.000143
        449  -0.000178
        450   0.000265
        451  -0.000189
        452  -0.000033
        453   0.000109
        454  -0.000018
        455  -0.000128
        456  -0.000033
        457   0.000040
        458  -0.000156
        459   0.000087
        460   0.000269
        461  -0.000047
        462  -0.000193
        463  -0.000018
        464   0.000021
        465   0.000106
        466  -0.000162
        467   0.000089
        468  -0.000021
        469   0.000029
        470  -0.000084
        471   0.000162
        472  -0.000085
        473   0.000011
        474  -0.000027
        475   0.000075
        476  -0.000101
        477  -0.000020
        478  -0.000000
        479   0.000089
        480  -0.000201
        481   0.000125
        482  -0.000149
        483   0.000077
        484  -0.000069
        485   0.000178
        486  -0.000043
        487  -0.000139
        488  -0.000039
        489   0.000047
        490   0.000074
        491  -0.000027
        492  -0.000054
        493   0.000032
        494  -0.000027
        495  -0.000034
        496   0.000007
        497   0.000016
        498   0.000102
        499  -0.000012
        500  -0.000009
        501  -0.000055
        502  -0.000015
        503   0.000012
        504   0.000057
        505  -0.000006
        506   0.000017
        507  -0.000058
        508   0.000023
        509  -0.000015
        510   0.000043
        511   0.000037
        512  -0.000061
        513   0.000035
        514  -0.000049
        515   0.000005
        516  -0.000003
        517   0.000022
        518   0.000058
        519  -0.000085
        520   0.000002
        521   0.000034
        522   0.000036
        523  -0.000063
        524  -0.000010
        525   0.000021
        526   0.000026
        527  -0.000053
        528  -0.000028
        529   0.000050
        530  -0.000016
        531  -0.000021
        532  -0.000009
        533   0.000053
        534  -0.000002
        535  -0.000045
        536  -0.000041
        537   0.000007
        538   0.000048
        539   0.000003
        540   0.000007
        541  -0.000024
        542   0.000032
        543  -0.000020
        544   0.000014
        545  -0.000032
        546   0.000026
        547  -0.000003
        548   0.000007
        549  -0.000017
        550   0.000007
        551  -0.000014
        552  -0.000000
        553   0.000009
        554   0.000003
        555   0.000002
        556  -0.000019
        557   0.000013
        558   0.000006
        559  -0.000010
        560  -0.000003
        561   0.000006
        562   0.000009
        563   0.000003
        564  -0.000016
        565  -0.000002
        566   0.000017
        567   0.000006
        568  -0.000003
        569  -0.000015
        570   0.000001
        571   0.000001
        572  -0.000011
        573   0.000019
        574  -0.000018
        575   0.000016
        576  -0.000004
        577   0.000016
        578  -0.000010
        579  -0.000005
        580  -0.000016
        581   0.000016
        582   0.000012
        583  -0.000011
        584  -0.000001
        585  -0.000002
        586   0.000010
        587  -0.000013
        588   0.000010
        589  -0.000015
        590  -0.000009
        591   0.000017
        592  -0.000006
        593   0.000013
        594   0.000003
        595   0.000005
        596  -0.000006
        597  -0.000012
        598   0.000006
        599   0.000004
        600  -0.000002
        601  -0.000014
        602   0.000003
        603   0.000018
        604  -0.000002
        605   0.000000
        606  -0.000002
        607   0.000007
        608  -0.000011
        609  -0.000009
        610   0.000015
        611   0.000004
        612   0.000001
        613  -0.000011
        614   0.000002
        615   0.000001
        616   0.000000
        617  -0.000007
        618   0.000005
        619   0.000003
        620   0.000004
        621   0.000000
        622  -0.000004
        623  -0.000010
        624   0.000001
        625   0.000003
        626   0.000010
        627  -0.000003
        628   0.000008
        629  -0.000009
        630  -0.000001
        631  -0.000001
        632   0.000005
        633   0.000001
        634   0.000001
        635   0.000003
        636  -0.000000
        637  -0.000006
        638  -0.000002
        639  -0.000001
        640   0.000004
        641   0.000005
        642   0.000001
        643  -0.000006
        644   0.000002
        645   0.000002
        646  -0.000006
        647   0.000002
        648  -0.000004
        649   0.000005
        650   0.000000
        651   0.000001
        652  -0.000008
        653  -0.000000
        654   0.000003
        655   0.000001
        656   0.000000
        657   0.000000
        658   0.000003
        659  -0.000000
        660   0.000004
        661  -0.000002
        662  -0.000002
        663   0.000002
        664  -0.000004
        665  -0.000001
        666   0.000001
        667   0.000003
        668  -0.000001
        669  -0.000003
        670   0.000004
        671   0.000000
        672   0.000001
        673  -0.000004
        674   0.000002
        675  -0.000001
        676   0.000000
        677   0.000002
        678   0.000002
        679  -0.000004
        680   0.000000
        681  -0.000000
        682   0.000004
        683  -0.000003
        684  -0.000001
        685  -0.000000
        686   0.000002
        687  -0.000001
        688  -0.000001
        689  -0.000002
        690   0.000001
        691  -0.000002
        692   0.000003
        693  -0.000001
        694   0.000002
        695  -0.000002
        696   0.000001
        697   0.000001
        698  -0.000002
        699   0.000000
        700  -0.000001
        701   0.000002
        702  -0.000001
        703  -0.000000
        704  -0.000001
        705   0.000000
        706  -0.000001
        707   0.000000
        708   0.000000
        709  -0.000000
        710  -0.000000
        711  -0.000001
        712   0.000001
        713   0.000000
        714  -0.000001
        715  -0.000001
        716   0.000001
        717   0.000000
        718   0.000001
        719   0.000000
        720   0.000000
        721  -0.000001
        722  -0.000000
        723  -0.000001
        724   0.000000
        725   0.000001
        726  -0.000000
        727  -0.000000
        728  -0.000001
        729   0.000001
        730  -0.000000
        731  -0.000000
        732  -0.000000
        733  -0.000001
        734   0.000002
        735  -0.000001
        736   0.000002
        737  -0.000002
        738   0.000001
        739  -0.000002
        740   0.000002
        741   0.000000
        742  -0.000000
        743   0.000000
        744  -0.000001
        745   0.000000
        746  -0.000001
        747   0.000001
        748  -0.000000
        749   0.000002
        750  -0.000003
        751   0.000002
        752  -0.000002
        753   0.000002
        754  -0.000002
        755   0.000001
        756  -0.000001
        757   0.000000
        758  -0.000001
        759  -0.000000
        760   0.000001
        761   0.000000
        762  -0.000000
        763  -0.000000
        764   0.000001
        765  -0.000001
        766   0.000000
        767   0.000000
        768   0.000000
        769   0.000000
        770  -0.000001
        771   0.000000
        772  -0.000000
        773   0.000000
        774  -0.000000
        775   0.000000
        776   0.000000
        777   0.000001
        778  -0.000001
        779  -0.000000
        780  -0.000000
        781   0.000000
        782  -0.000001
        783   0.000000
        784   0.000000
        785   0.000000
        786   0.000001
        787  -0.000000
        788   0.000000
        789  -0.000000
        790  -0.000000
        791   0.000000
        792  -0.000000
        793   0.000000
        794   0.000001
        795  -0.000000
        796  -0.000000
        797  -0.000000
        798  -0.000000
        799  -0.000000
        800   0.000001
        801  -0.000000
        802   0.000001
        803  -0.000000
        804   0.000000
        805  -0.000000
        806   0.000000
        807  -0.000000
        808  -0.000000
        809   0.000000
        810  -0.000000
        811   0.000000
        812  -0.000000
        813   0.000000
        814   0.000000
        815  -0.000000
        816  -0.000000
        817   0.000000
        818   0.000000
        819  -0.000000
        820  -0.000000
        821  -0.000000
        822   0.000000
        823  -0.000000
        824  -0.000000
        825  -0.000000
        826   0.000000
        827   0.000000
        828  -0.000000
        829   0.000000
        830   0.000000
        831   0.000000
        832  -0.000000
        833  -0.000000
        834  -0.000000
        835   0.000000
        836  -0.000000
        837  -0.000000
        838  -0.000000
        839   0.000000
        840   0.000000
        841   0.000000
        842  -0.000000
        843   0.000000
        844   0.000000
        845   0.000000
        846   0.000000
        847  -0.000000
        848   0.000000
        849   0.000000
        850  -0.000000
        851  -0.000000
        852   0.000000
        853  -0.000000
        854   0.000000
        855  -0.000000
        856  -0.000000
        857  -0.000000
        858   0.000000
        859   0.000000
        860   0.000000
        861   0.000000
        862   0.000000
        863  -0.000000
        864  -0.000000
        865  -0.000000
        866   0.000000
        867   0.000000
        868   0.000000
        869  -0.000000
        870  -0.000000
        871   0.000000
        872  -0.000000
        873  -0.000000
        874   0.000000
        875   0.000000
        876   0.000000
        877   0.000000
        878  -0.000000
        879   0.000000
        880  -0.000000
        881   0.000000
        882  -0.000000
        883   0.000000
        884   0.000000
        885  -0.000000
        886   0.000000
        887   0.000000
        888  -0.000000
        889  -0.000000
        890   0.000000
        891  -0.000000
        892  -0.000000
        893  -0.000000
        894  -0.000000
        895   0.000000
        896   0.000000
        897   0.000000
        898  -0.000000
        899   0.000000
        900  -0.000000
        901   0.000000
        902   0.000000
        903  -0.000000
        904   0.000000
        905  -0.000000
        906   0.000000
        907   0.000000
        908   0.000000
        909  -0.000000
        910  -0.000000
        911   0.000000
        912  -0.000000
        913   0.000000
        914  -0.000000
        915   0.000000
        916  -0.000000
        917   0.000000
        918  -0.000000
        919   0.000000
        920  -0.000000
        921   0.000000
        922  -0.000000
        923   0.000000
        924   0.000000
        925  -0.000000
        926   0.000000
        927   0.000000
        928  -0.000000
        929   0.000000
        930  -0.000000
        931  -0.000000
        932   0.000000
        933   0.000000
        934   0.000000
        935  -0.000000
        936   0.000000
        937  -0.000000
        938   0.000000
        939  -0.000000
        940  -0.000000
        941   0.000000
        942   0.000000
        943   0.000000
        944   0.000000
        945  -0.000000
        946   0.000000
        947  -0.000000
        948   0.000000
        949   0.000000
        950   0.000000
        951  -0.000000
        952  -0.000000
        953   0.000000
        954  -0.000000
        955   0.000000
        956  -0.000000
        957  -0.000000
        958   0.000000
        959   0.000000
        960  -0.000000
        961   0.000000
        962  -0.000000
        963   0.000000
        964   0.000000
        965   0.000000
        966  -0.000000
        967  -0.000000
        968   0.000000
        969  -0.000000
        970   0.000000
        971  -0.000000
        972   0.000000
        973  -0.000000
        974  -0.000000
        975   0.000000
        976  -0.000000
        977   0.000000
        978  -0.000000
        979  -0.000000
        980   0.000000
        981   0.000000
        982  -0.000000
        983   0.000000
        984   0.000000
        985  -0.000000
        986   0.000000
        987  -0.000000
        988   0.000000
        989  -0.000000
        990   0.000000
        991  -0.000000
        992   0.000000
        993   0.000000
        994   0.000000
        995  -0.000000
        996   0.000000
        997   0.000000
        998   0.000000
        999   0.000000