
          0   0.000000
          1   0.000000
          2   0.000163
          3   0.005763
          4   0.026737
          5   0.071380
          6   0.149491
          7   0.300551
          8   0.409691
          9   0.585869
         10   0.639126
         11   0.790091
         12   1.048760
         13   0.957201
         14   0.773420
         15   0.814921
         16   0.858182
         17   0.529930
         18   0.688662
         19   0.721828
         20   0.659263
         21   0.615188
         22   0.815376
         23   0.945458
         24   1.143605
         25   1.219482
         26   1.166611
         27   1.271758
         28   1.116680
         29   0.962484
         30   1.011768
         31   1.224114
         32   1.142730
         33   1.171897
         34   1.199813
         35   0.926787
         36   0.725086
         37   0.877255
         38   1.215156
         39   1.090959
         40   1.223278
         41   1.346020
         42   1.301573
         43   1.066171
         44   1.186031
         45   1.383929
         46   1.252561
         47   1.213408
         48   0.982847
         49   0.833133
         50   1.217290
         51   1.172667
         52   0.833275
         53   0.969911
         54   1.014417
         55   0.689368
         56   0.566650
         57   0.718015
         58   0.848398
         59   0.842193
         60   1.206132
         61   1.389851
         62   1.171688
         63   0.851621
         64   1.325707
         65   1.049328
         66   1.002607
         67   0.973231
         68   1.270748
         69   0.769105
         70   0.649025
         71   0.756293
         72   1.059382
         73   0.638113
         74   0.935990
         75   0.881758
         76   1.041218
         77   1.303649
         78   1.047562
         79   1.118417
         80   1.278587
         81   0.823330
         82   1.258935
         83   1.190505
         84   1.028815
         85   0.572516
         86   0.802154
         87   1.377896
         88   1.493021
         89   1.386444
         90   1.439083
         91   1.455390
         92   1.490354
         93   1.126006
         94   0.635765
         95   0.803070
         96   0.923802
         97   1.141794
         98   1.225534
         99   1.276000
        100   1.002200
        101   1.140189
        102   0.715003
        103   0.844917
        104   0.848855
        105   0.705459
        106   0.571525
        107   0.529457
        108   0.713295
        109   1.061946
        110   1.054530
        111   0.665851
        112   1.145156
        113   1.294338
        114   1.571175
        115   1.383081
        116   1.272169
        117   1.403766
        118   1.155756
        119   1.036660
        120   0.487165
        121   0.643905
        122   0.796020
        123   0.285008
        124   0.295297
        125   0.443272
        126   0.422785
        127   0.752145
        128   0.692940
        129   1.248261
        130   1.164571
        131   0.591572
        132   0.673973
        133   1.000326
        134   1.326403
        135   0.957078
        136   0.691959
        137   1.023403
        138   0.764699
        139   0.815106
        140   0.868368
        141   0.819349
        142   1.303862
        143   1.429956
        144   1.287651
        145   1.397987
        146   0.934033
        147   0.816916
        148   1.280865
        149   0.686104
        150   0.597854
        151   0.934243
        152   0.760034
        153   0.982232
        154   1.014891
        155   1.126029
        156   0.407014
        157   0.585674
        158   0.797862
        159   0.982392
        160   0.743407
        161   1.211605
        162   1.160977
        163   1.089860
        164   0.612520
        165   0.780819
        166   0.644602
        167   0.514654
        168   0.684083
        169   1.278638
        170   0.794138
        171   0.801817
        172   1.285273
        173   0.714978
        174   0.624852
        175   0.981752
        176   0.260218
        177   0.333467
        178   0.392682
        179   0.660443
        180   0.602985
        181   0.720200
        182   1.195185
        183   0.911942
        184   0.945810
        185   1.182733
        186   1.490781
        187   1.446079
        188   1.061812
        189   0.878159
        190   1.332810
        191   1.328608
        192   0.909114
        193   1.343125
        194   1.032696
        195   1.137103
        196   1.313217
        197   1.467034
        198   1.328026
        199   1.206240
        200   1.517691
        201   1.192332
        202   1.181367
        203   1.525778
        204   1.461954
        205   1.556149
        206   1.732631
        207   1.546563
        208   1.196835
        209   0.729316
        210   0.909846
        211   0.802267
        212   0.608047
        213   1.024800
        214   1.271639
        215   1.428123
        216   1.167824
        217   1.485211
        218   1.557272
        219   1.385939
        220   1.389009
        221   1.228593
        222   1.065948
        223   0.665841
        224   1.307264
        225   0.895668
        226   0.781230
        227   0.681891
        228   1.218779
        229   1.074756
        230   1.228233
        231   1.176954
        232   1.028037
        233   1.637763
        234   1.484301
        235   1.311017
        236   0.867780
        237   0.673092
        238   1.075043
        239   1.272208
        240   0.643372
        241   0.874088
        242   0.880556
        243   1.173811
        244   1.337876
        245   0.934572
        246   1.050967
        247   1.175000
        248   0.780411
        249   0.871820
        250   1.304081
        251   0.623896
        252   0.981901
        253   0.759792
        254   0.313288
        255   0.640215
        256   1.307650
        257   1.118291
        258   0.799487
        259   1.006925
        260   1.223141
        261   1.132498
        262   0.914631
        263   1.408009
        264   1.201670
        265   1.030012
        266   0.422944
        267   0.663983
        268   1.159982
        269   0.821394
        270   0.451995
        271   0.534395
        272   0.660613
        273   1.166741
        274   1.595735
        275   1.311273
        276   0.782121
        277   0.836222
        278   1.151533
        279   0.940468
        280   1.319415
        281   1.087640
        282   0.624124
        283   0.467762
        284   0.388058
        285   0.436637
        286   0.859014
        287   1.347336
        288   0.777166
        289   1.071562
        290   0.560930
        291   0.857502
        292   0.976487
        293   0.772867
        294   1.198635
        295   0.752814
        296   1.198125
        297   0.466679
        298   0.463055
        299   0.508636
        300   0.855140
        301   1.314947
        302   1.403009
        303   1.453739
        304   1.322690
        305   1.289474
        306   1.088820
        307   0.858656
        308   0.497366
        309   0.885931
        310   0.624394
        311   0.827118
        312   1.048886
        313   0.737861
        314   1.257388
        315   1.035037
        316   1.027183
        317   0.956062
        318   0.767435
        319   0.928163
        320   0.505047
        321   0.757453
        322   1.234615
        323   1.517278
        324   1.323664
        325   1.054898
        326   1.015424
        327   0.591586
        328   0.584210
        329   0.922588
        330   0.804973
        331   1.009915
        332   0.868709
        333   0.729732
        334   0.628227
        335   0.762401
        336   0.801528
        337   0.821521
        338   0.771983
        339   0.608839
        340   0.484423
        341   0.453667
        342   0.781630
        343   0.869308
        344   1.274023
        345   1.264157
        346   1.206024
        347   1.441079
        348   1.446085
        349   1.478270
        350   1.101447
        351   1.320955
        352   0.789644
        353   0.972742
        354   1.085654
        355   1.146586
        356   1.012431
        357   1.241623
        358   1.304809
        359   0.672637
        360   1.094242
        361   0.850766
        362   1.029464
        363   1.015192
        364   1.018855
        365   0.439464
        366   0.864428
        367   1.239162
        368   1.208550
        369   1.376564
        370   0.962805
        371   1.419194
        372   0.950976
        373   1.408098
        374   1.138887
        375   0.933673
        376   1.000134
        377   0.395957
        378   0.782855
        379   1.289442
        380   1.227478
        381   1.083721
        382   1.310918
        383   1.503091
        384   1.513605
        385   1.045529
        386   0.730808
        387   0.906912
        388   0.317586
        389   0.349067
        390   0.738092
        391   0.532583
        392   0.931788
        393   1.536147
        394   1.302283
        395   1.071481
        396   0.654859
        397   0.471093
        398   0.952896
        399   0.750043
        400   0.487689
        401   0.879988
        402   0.713608
        403   0.692417
        404   0.986535
        405   1.218626
        406   1.234140
        407   1.173838
        408   0.972121
        409   0.886746
        410   1.212635
        411   0.800237
        412   0.888544
        413   0.454166
        414   0.302648
        415   0.589729
        416   0.975374
        417   0.918464
        418   0.331032
        419   0.239809
        420   0.372279
        421   0.632740
        422   0.972891
        423   0.531391
        424   0.496961
        425   0.901643
        426   0.865426
        427   0.868428
        428   0.740727
        429   0.625025
        430   0.991701
        431   1.431666
        432   1.199799
        433   1.069804
        434   1.018223
        435   0.674704
        436   0.740504
        437   1.367173
        438   0.784370
        439   0.515125
        440   1.062167
        441   0.458916
        442   0.901333
        443   1.080997
        444   1.184880
        445   1.224713
        446   1.032194
        447   0.718082
        448   0.385815
        449   0.738729
        450   1.269800
        451   0.601478
        452   0.860613
        453   1.078040
        454   0.950373
        455   0.737996
        456   1.284794
        457   1.479946
        458   1.067792
        459   1.447856
        460   1.270230
        461   0.648660
        462   0.794677
        463   1.133469
        464   1.461636
        465   1.325354
        466   0.871728
        467   1.295466
        468   1.077181
        469   0.777678
        470   0.658899
        471   0.824413
        472   0.318607
        473   0.414891
        474   0.448166
        475   0.695848
        476   0.303152
        477   0.636928
        478   0.945324
        479   0.744103
        480   0.632495
        481   1.160285
        482   0.947993
        483   1.150011
        484   0.658723
        485   1.117944
        486   0.347972
        487   0.652362
        488   1.166258
        489   1.391972
        490   1.276335
        491   0.731612
        492   1.004908
        493   1.332964
        494   1.175090
        495   1.352523
        496   1.220878
        497   1.111803
        498   0.895366
        499   0.318196
        500   0.602181
        501   0.766471
        502   1.103564
        503   1.096487
        504   0.928511
        505   0.634292
        506   0.572130
        507   0.704735
        508   0.944925
        509   0.625264
        510   0.926408
        511   0.423979
        512   0.558838
        513   1.061058
        514   0.855375
        515   1.461879
        516   1.062552
        517   1.201832
        518   1.192596
        519   0.560699
        520   1.112939
        521   1.071205
        522   0.746944
        523   0.504945
        524   0.930060
        525   1.037888
        526   1.066676
        527   0.610134
        528   1.117346
        529   1.395461
        530   0.849511
        531   0.774240
        532   0.913616
        533   0.994034
        534   0.561931
        535   0.729157
        536   1.119902
        537   1.502416
        538   1.158243
        539   0.396882
        540   0.316205
        541   0.498350
        542   0.801521
        543   0.573485
        544   0.853243
        545   0.691583
        546   1.217304
        547   0.787559
        548   0.892474
        549   0.984588
        550   1.366966
        551   1.350605
        552   1.571947
        553   1.458569
        554   1.438510
        555   1.226461
        556   1.087080
        557   1.424431
        558   1.003505
        559   0.810853
        560   0.902715
        561   0.752757
        562   0.624896
        563   0.464533
        564   0.454767
        565   0.756858
        566   0.720663
        567   0.529559
        568   0.521401
        569   0.886850
        570   1.356132
        571   1.152700
        572   1.267014
        573   1.220274
        574   0.718382
        575   0.977946
        576   0.547353
        577   0.617067
        578   0.499241
        579   0.836659
        580   0.770431
        581   1.116624
        582   0.669136
        583   0.367297
        584   0.788333
        585   1.052804
        586   0.825959
        587   0.860695
        588   1.358402
        589   0.827763
        590   1.391413
        591   1.212800
        592   0.551829
        593   0.793175
        594   0.425986
        595   0.776511
        596   0.903457
        597   1.242568
        598   1.515920
        599   1.419660
        600   1.173488
        601   0.896687
        602   1.144058
        603   0.731876
        604   0.204123
        605   0.350017
        606   0.675267
        607   1.057676
        608   0.594031
        609   1.070149
        610   1.145388
        611   0.476656
        612   0.543203
        613   0.693654
        614   1.253773
        615   1.131815
        616   0.863249
        617   0.751781
        618   1.007243
        619   0.620693
        620   0.538480
        621   0.736756
        622   1.036084
        623   1.202117
        624   1.497952
        625   1.275505
        626   0.643602
        627   0.435163
        628   0.853256
        629   0.679592
        630   1.310393
        631   1.147973
        632   1.139675
        633   0.658800
        634   0.720151
        635   1.036577
        636   1.053262
        637   1.299513
        638   1.811329
        639   1.657279
        640   1.443083
        641   1.225079
        642   0.744394
        643   0.923830
        644   1.594039
        645   1.243847
        646   1.242503
        647   1.584643
        648   1.315415
        649   1.308350
        650   1.037231
        651   1.001106
        652   0.859176
        653   1.421381
        654   0.959135
        655   0.281640
        656   0.284877
        657   0.489005
        658   0.325872
        659   0.485267
        660   0.809759
        661   0.624139
        662   1.249540
        663   1.419760
        664   1.127201
        665   1.232577
        666   1.158039
        667   0.863344
        668   0.333917
        669   0.631031
        670   0.935654
        671   0.543188
        672   0.418388
        673   0.740828
        674   1.210682
        675   0.580779
        676   0.761438
        677   0.810292
        678   0.493161
        679   0.656538
        680   1.297251
        681   1.270093
        682   1.073600
        683   0.746723
        684   1.370416
        685   1.613163
        686   1.432770
        687   1.043752
        688   1.271852
        689   1.564223
        690   1.496606
        691   1.164833
        692   1.187391
        693   0.963013
        694   0.904427
        695   0.860440
        696   1.441696
        697   0.972852
        698   0.803077
        699   1.093944
        700   1.163205
        701   0.971037
        702   0.638927
        703   1.118711
        704   1.176756
        705   1.159617
        706   0.992755
        707   1.026649
        708   0.955843
        709   0.735889
        710   0.592379
        711   0.914953
        712   0.845393
        713   0.230252
        714   0.412514
        715   0.728492
        716   0.436789
        717   0.266786
        718   0.500775
        719   0.549463
        720   0.943017
        721   1.168350
        722   1.265112
        723   1.366306
        724   1.551022
        725   1.275102
        726   1.031617
        727   1.067364
        728   1.191353
        729   1.126852
        730   0.893102
        731   0.988419
        732   1.040985
        733   1.139911
        734   0.902878
        735   0.770520
        736   1.046382
        737   0.896408
        738   1.258445
        739   1.147498
        740   1.282949
        741   0.746910
        742   1.065608
        743   1.355550
        744   1.549113
        745   1.546611
        746   1.261698
        747   1.216631
        748   0.806623
        749   0.599138
        750   0.738043
        751   1.247207
        752   0.712587
        753   0.975996
        754   0.666402
        755   1.382696
        756   0.925199
        757   1.307374
        758   0.923248
        759   1.332542
        760   0.787503
        761   0.568100
        762   0.938187
        763   1.049666
        764   0.721966
        765   0.592488
        766   0.988062
        767   0.491127
        768   0.803679
        769   0.745500
        770   0.805323
        771   1.052340
        772   0.619769
        773   0.575173
        774   0.495984
        775   0.941652
        776   0.790977
        777   0.642122
        778   0.902244
        779   1.625845
        780   1.313131
        781   0.907015
        782   0.833958
        783   0.942453
        784   0.304337
        785   0.308055
        786   0.352181
        787   0.615426
        788   0.958114
        789   1.020731
        790   1.299516
        791   0.835381
        792   0.873396
        793   0.978399
        794   0.711677
        795   0.863028
        796   1.653898
        797   1.689638
        798   1.619740
        799   1.402459
        800   1.052684
        801   0.597915
        802   0.908088
        803   0.688619
        804   1.368774
        805   1.167691
        806   1.315275
        807   0.958051
        808   1.394559
        809   1.108872
        810   1.070274
        811   1.398444
        812   1.219920
        813   1.443548
        814   1.028484
        815   1.228739
        816   1.344197
        817   1.235037
        818   0.763453
        819   0.855291
        820   1.375867
        821   1.320423
        822   1.225468
        823   0.698229
        824   1.260785
        825   1.127391
        826   0.502690
        827   0.328788
        828   0.513034
        829   0.754825
        830   0.730946
        831   1.317119
        832   1.324553
        833   1.579916
        834   1.588640
        835   1.451300
        836   1.370946
        837   1.495075
        838   1.221015
        839   0.728178
        840   0.491024
        841   0.760708
        842   0.775403
        843   0.815418
        844   0.299968
        845   0.371333
        846   0.613457
        847   1.001303
        848   1.086622
        849   0.798643
        850   1.178042
        851   1.596800
        852   1.295539
        853   1.383188
        854   1.430783
        855   1.048780
        856   1.403924
        857   1.119663
        858   0.678941
        859   0.531365
        860   0.962005
        861   0.985052
        862   1.021116
        863   1.149900
        864   1.307362
        865   1.138226
        866   0.471544
        867   0.368356
        868   0.459221
        869   0.758603
        870   1.408655
        871   0.884737
        872   0.961212
        873   1.457872
        874   1.010618
        875   0.390267
        876   0.411892
        877   0.601425
        878   0.837290
        879   1.019354
        880   0.911245
        881   0.979462
        882   0.814416
        883   0.772378
        884   0.850237
        885   0.998053
        886   0.839470
        887   0.845165
        888   1.445836
        889   1.602499
        890   1.263783
        891   1.154824
        892   1.504769
        893   1.340968
        894   1.082822
        895   0.619286
        896   0.530380
        897   1.091483
        898   1.246995
        899   1.238228
        900   1.207809
        901   1.146716
        902   0.738713
        903   0.731753
        904   0.766383
        905   0.795445
        906   0.975674
        907   0.583839
        908   0.886891
        909   1.228372
        910   1.123381
        911   0.595583
        912   0.585640
        913   0.915278
        914   0.647587
        915   1.300505
        916   0.777539
        917   0.843271
        918   0.661253
        919   0.673258
        920   0.821293
        921   1.089213
        922   0.534682
        923   0.830324
        924   0.438650
        925   0.821528
        926   0.727684
        927   0.751415
        928   1.226142
        929   0.958614
        930   0.611254
        931   1.219485
        932   0.881370
        933   0.685858
        934   0.847036
        935   0.877444
        936   1.142729
        937   1.279612
        938   1.124041
        939   0.568610
        940   0.686082
        941   0.477536
        942   0.260324
        943   0.446971
        944   0.798712
        945   1.210842
        946   1.300642
        947   0.960582
        948   1.134442
        949   0.626625
        950   0.690229
        951   1.047007
        952   1.418202
        953   1.027211
        954   0.900946
        955   1.066965
        956   1.235616
        957   1.252817
        958   0.663500
        959   0.569438
        960   1.046102
        961   1.209040
        962   1.267807
        963   1.091078
        964   0.490142
        965   0.759401
        966   1.371020
        967   1.412605
        968   1.216047
        969   1.281690
        970   1.306676
        971   0.681980
        972   1.343552
        973   0.889145
        974   1.425836
        975   0.968544
        976   0.943111
        977   1.369874
        978   1.345811
        979   1.550895
        980   1.449471
        981   1.262989
        982   1.247713
        983   1.054743
        984   0.877757
        985   1.084104
        986   1.155828
        987   1.000653
        988   1.413933
        989   1.096817
        990   1.334895
        991   0.886128
        992   1.279079
        993   0.675460
        994   1.149331
        995   1.500145
        996   1.378671
        997   0.890390
        998   1.156354
        999   1.275546